soci√©t√©s : [0, 0, 0, 0, 0, 0, 1, 0]
porter : [0, 0, 0, 0, 1, 0, 0, 0]
mis : [0, 0, 0, 0, 2, 0, 0, 0]
entre : [2, 1, 0, 0, 1, 0, 0, 2]
incombe : [0, 0, 0, 0, 0, 0, 1, 0]
assur√©s : [1, 0, 0, 0, 0, 0, 0, 0]
en : [3, 7, 3, 14, 15, 6, 5, 11]
laisser : [0, 0, 0, 0, 0, 0, 0, 1]
d√©couragent : [0, 0, 0, 0, 0, 0, 0, 1]
loi : [1, 0, 0, 0, 0, 0, 0, 0]
campagne : [1, 0, 0, 0, 0, 0, 0, 1]
situation : [0, 1, 0, 0, 1, 0, 0, 0]
humanisme : [0, 0, 0, 1, 0, 0, 0, 0]
claire : [0, 0, 0, 1, 0, 0, 0, 0]
rassemblement : [0, 0, 0, 1, 0, 0, 0, 0]
tourner : [0, 0, 0, 0, 1, 0, 0, 0]
concorde : [0, 0, 0, 0, 1, 0, 0, 0]
pr√©fets : [0, 0, 0, 0, 0, 1, 0, 0]
r√©sultat : [0, 0, 0, 0, 0, 0, 0, 2]
permis : [1, 0, 0, 0, 0, 0, 0, 0]
faisant : [0, 1, 0, 0, 1, 0, 0, 0]
on : [1, 0, 0, 0, 2, 3, 2, 3]
sachant : [0, 0, 0, 0, 2, 0, 0, 0]
in√©galit√©s : [1, 0, 0, 0, 0, 0, 0, 0]
proue : [0, 0, 0, 0, 0, 1, 0, 0]
cr√©ation : [0, 1, 0, 1, 1, 0, 1, 0]
soci√©t√© : [0, 0, 0, 1, 2, 0, 1, 1]
corriger : [0, 0, 0, 0, 1, 0, 0, 0]
monsieur : [0, 2, 1, 1, 0, 4, 1, 0]
l : [16, 32, 5, 30, 31, 16, 29, 26]
discriminations : [0, 0, 0, 1, 0, 0, 0, 0]
r√©affirm√©e : [0, 1, 0, 0, 0, 0, 0, 0]
seconde : [0, 0, 0, 0, 2, 0, 0, 0]
pacte : [1, 0, 0, 1, 0, 0, 1, 0]
sacr√©e : [0, 0, 0, 0, 0, 1, 0, 0]
union : [0, 0, 0, 0, 0, 1, 0, 1]
magie : [0, 0, 0, 0, 1, 0, 0, 0]
accrut : [0, 0, 0, 0, 0, 1, 0, 0]
desquels : [0, 0, 0, 0, 0, 0, 1, 0]
gagner : [0, 0, 0, 0, 0, 0, 1, 0]
crises : [0, 0, 0, 0, 1, 0, 0, 0]
vingtieme : [0, 0, 1, 0, 0, 0, 0, 0]
ouverts : [0, 0, 0, 1, 0, 0, 0, 0]
enrichit : [0, 1, 0, 0, 0, 0, 0, 0]
dur√©e : [0, 0, 0, 0, 1, 0, 0, 1]
d√©sir : [1, 0, 0, 0, 0, 0, 0, 0]
pardonne : [0, 0, 0, 0, 0, 1, 0, 0]
fran√ßaise : [0, 1, 0, 0, 1, 1, 0, 1]
dot√©e : [1, 0, 0, 0, 0, 0, 0, 0]
nouveaux : [0, 2, 0, 1, 0, 1, 0, 0]
priorit√© : [0, 0, 0, 0, 0, 0, 1, 0]
commencer : [0, 0, 0, 0, 0, 1, 0, 0]
climat : [0, 0, 0, 0, 2, 0, 0, 0]
aspire : [0, 0, 0, 0, 0, 0, 1, 0]
19 : [0, 0, 1, 0, 0, 0, 0, 0]
combats : [0, 0, 0, 0, 0, 1, 1, 0]
confiance : [0, 3, 1, 6, 2, 1, 1, 2]
fran√ßaises : [0, 2, 0, 0, 6, 1, 0, 0]
suppl√©mentaires : [1, 0, 0, 0, 0, 0, 0, 0]
deuxi√®me : [0, 0, 0, 0, 0, 0, 1, 0]
avance : [0, 0, 0, 0, 0, 1, 0, 0]
fixera : [1, 0, 0, 0, 0, 0, 0, 0]
f√™terons : [0, 0, 0, 0, 0, 0, 1, 0]
souverainet√© : [1, 1, 0, 1, 1, 0, 0, 1]
est : [3, 12, 5, 19, 19, 10, 8, 8]
mesdames : [1, 1, 2, 2, 2, 1, 1, 1]
confront√©e : [0, 0, 0, 0, 0, 0, 0, 1]
effort : [0, 1, 0, 1, 0, 1, 0, 1]
peuples : [0, 2, 0, 3, 0, 0, 1, 0]
m√©moires : [0, 0, 0, 0, 0, 1, 0, 0]
incertitudes : [0, 1, 0, 0, 0, 0, 0, 0]
diversite : [0, 0, 1, 0, 0, 0, 0, 0]
imp√©ratif : [0, 0, 0, 1, 0, 0, 0, 0]
respectera : [0, 0, 0, 1, 0, 0, 0, 0]
responsabilites : [0, 0, 1, 0, 0, 0, 0, 0]
seuil : [0, 0, 0, 0, 0, 0, 1, 0]
rendit : [0, 0, 0, 0, 0, 0, 0, 1]
pr√©sider : [0, 0, 0, 1, 0, 0, 0, 0]
industriel : [0, 0, 0, 1, 0, 0, 0, 0]
relever : [0, 1, 0, 1, 0, 0, 0, 1]
fraternit√© : [0, 1, 0, 0, 1, 2, 1, 1]
quatorze : [1, 0, 0, 0, 0, 0, 0, 0]
message : [1, 0, 0, 1, 0, 0, 1, 0]
emporter : [0, 0, 0, 0, 0, 0, 1, 0]
libert√©s : [1, 3, 0, 2, 0, 0, 0, 0]
nouvelles : [0, 1, 0, 1, 0, 0, 0, 0]
hasard : [0, 0, 0, 0, 0, 2, 0, 0]
aime : [0, 0, 0, 0, 0, 0, 1, 0]
j : [1, 2, 5, 6, 4, 6, 2, 1]
ma : [2, 1, 0, 1, 2, 0, 0, 3]
direction : [0, 0, 0, 1, 0, 0, 0, 0]
trahir : [0, 0, 0, 0, 0, 0, 0, 1]
ci : [0, 0, 0, 0, 0, 1, 0, 0]
d√©bat : [0, 0, 0, 0, 0, 1, 0, 0]
tel : [1, 0, 1, 2, 0, 0, 0, 0]
in√©dits : [0, 0, 0, 0, 0, 0, 0, 1]
possible : [0, 0, 0, 0, 0, 1, 1, 0]
fronti√®res : [0, 0, 0, 0, 0, 0, 1, 0]
exerc√© : [0, 0, 0, 1, 0, 0, 0, 0]
commun : [0, 0, 0, 0, 0, 0, 0, 1]
sous : [1, 1, 0, 0, 0, 0, 0, 0]
construire : [0, 1, 0, 0, 3, 0, 0, 1]
soutenus : [0, 0, 0, 1, 0, 0, 0, 0]
racisme : [0, 0, 0, 1, 0, 0, 0, 0]
tenir : [0, 0, 0, 0, 0, 0, 0, 1]
avoir : [0, 1, 0, 1, 1, 0, 0, 0]
d√©centralisation : [0, 0, 0, 1, 0, 0, 0, 0]
d√©positaires : [0, 0, 0, 1, 0, 0, 0, 0]
obligation : [0, 0, 0, 0, 0, 0, 2, 0]
diversit√©s : [0, 0, 0, 1, 0, 0, 0, 0]
la : [23, 41, 12, 81, 61, 26, 32, 47]
productivit√© : [0, 0, 0, 1, 0, 0, 0, 0]
r√©nover : [0, 0, 0, 1, 0, 0, 0, 0]
regardent : [0, 0, 0, 1, 0, 0, 0, 0]
garanti : [0, 0, 0, 0, 1, 0, 0, 0]
parlement : [1, 0, 1, 1, 0, 0, 0, 0]
aurai : [1, 0, 0, 0, 2, 0, 0, 0]
egard : [0, 0, 1, 0, 0, 0, 0, 0]
d√©cidera : [0, 0, 0, 0, 1, 0, 0, 0]
pr√©c√©d√© : [0, 0, 0, 0, 0, 0, 0, 1]
constitu√©s : [0, 0, 0, 0, 1, 0, 0, 0]
supr√™me : [0, 0, 0, 0, 0, 0, 1, 0]
citoyenne : [0, 0, 0, 1, 0, 0, 0, 0]
changement : [2, 0, 4, 0, 1, 2, 0, 1]
mani√®re : [0, 0, 0, 0, 1, 0, 1, 1]
renier : [0, 0, 0, 0, 0, 0, 0, 1]
√©lection : [1, 0, 0, 0, 1, 0, 0, 0]
√Ä : [0, 0, 0, 0, 4, 0, 0, 0]
rendre : [1, 0, 0, 0, 2, 0, 0, 0]
terrorisme : [0, 1, 0, 0, 2, 0, 0, 0]
divisions : [0, 0, 0, 1, 0, 0, 1, 0]
habite : [0, 0, 0, 0, 0, 1, 0, 0]
ere : [0, 0, 2, 0, 0, 0, 0, 0]
pulsions : [0, 0, 0, 0, 0, 0, 1, 0]
coh√©sion : [1, 2, 0, 1, 0, 1, 0, 0]
fondement : [0, 0, 0, 1, 0, 0, 0, 1]
s√©quelles : [0, 0, 0, 0, 0, 0, 1, 0]
nombre : [0, 0, 1, 0, 0, 0, 1, 0]
n√©cessit√© : [0, 0, 0, 1, 0, 0, 0, 0]
pens√©e : [0, 0, 0, 0, 0, 0, 0, 2]
saluer : [0, 0, 0, 0, 1, 0, 0, 0]
su : [0, 1, 0, 1, 2, 0, 0, 1]
chantier : [0, 0, 0, 0, 0, 0, 1, 0]
trouv√© : [0, 0, 0, 0, 1, 0, 0, 0]
de : [34, 63, 12, 76, 59, 39, 40, 58]
espoirs : [0, 1, 0, 0, 0, 0, 0, 0]
mal : [0, 0, 0, 0, 1, 0, 0, 0]
r√®gles : [0, 1, 0, 1, 0, 0, 0, 0]
aller : [0, 0, 0, 0, 0, 0, 1, 0]
imp√©rativement : [0, 1, 0, 0, 0, 0, 0, 0]
nationale : [0, 3, 0, 0, 2, 0, 1, 0]
vents : [0, 0, 0, 0, 1, 0, 0, 0]
progr√®s : [0, 0, 0, 1, 0, 0, 1, 2]
remplirai : [0, 0, 0, 0, 0, 0, 0, 2]
convaincrai : [0, 0, 0, 0, 1, 0, 0, 0]
selon : [0, 0, 2, 0, 1, 0, 0, 0]
derri√®re : [0, 0, 0, 0, 1, 0, 0, 0]
conception : [0, 1, 0, 1, 0, 0, 0, 0]
c√©derai : [0, 0, 0, 0, 1, 0, 0, 0]
toutes : [1, 0, 0, 4, 3, 1, 0, 1]
gouvernement : [1, 1, 1, 2, 0, 0, 0, 0]
oui : [0, 0, 0, 0, 0, 2, 0, 0]
minutes : [0, 0, 0, 0, 0, 1, 0, 0]
essentielle : [0, 0, 0, 0, 0, 0, 1, 0]
murs : [1, 0, 0, 0, 0, 0, 0, 0]
ressources : [0, 1, 0, 0, 1, 0, 0, 0]
vertige : [0, 0, 1, 0, 0, 0, 0, 0]
citoyen : [0, 1, 0, 1, 0, 1, 0, 1]
pages : [0, 0, 1, 0, 1, 0, 0, 0]
entrer : [1, 0, 0, 0, 1, 0, 0, 0]
r√™ver : [1, 0, 0, 0, 0, 0, 0, 0]
durable : [0, 0, 0, 1, 0, 0, 0, 0]
parl√© : [0, 0, 0, 0, 0, 0, 0, 1]
d√©mocratiques : [0, 1, 0, 1, 0, 0, 0, 0]
serait : [0, 0, 0, 0, 0, 1, 1, 0]
tol√©rante : [0, 1, 0, 0, 0, 0, 0, 0]
habitudes : [0, 0, 0, 0, 1, 0, 1, 1]
instants : [1, 0, 0, 0, 1, 0, 0, 0]
pluralisme : [0, 1, 0, 0, 0, 0, 0, 0]
travail : [0, 0, 0, 2, 3, 0, 0, 1]
sein : [0, 0, 0, 0, 1, 0, 0, 0]
faut : [0, 0, 0, 0, 0, 0, 2, 0]
√©grener : [0, 0, 0, 0, 0, 1, 1, 0]
compter : [0, 1, 0, 0, 1, 0, 0, 0]
aube : [0, 0, 0, 0, 0, 0, 1, 0]
telle : [0, 0, 1, 0, 1, 0, 0, 0]
engagerai : [1, 0, 0, 0, 0, 0, 0, 0]
bons : [0, 0, 0, 0, 0, 0, 1, 0]
d√©sordre : [0, 0, 0, 0, 0, 0, 0, 1]
dirai : [0, 0, 0, 1, 0, 0, 0, 0]
relanc√©e : [0, 0, 0, 0, 1, 0, 0, 0]
peu : [1, 0, 0, 0, 0, 0, 1, 0]
estimant : [0, 0, 0, 0, 1, 0, 0, 0]
ar√®ne : [0, 0, 0, 0, 0, 0, 1, 0]
diff√©rences : [0, 1, 0, 1, 0, 1, 0, 0]
engager : [0, 2, 0, 1, 0, 0, 0, 0]
b√©n√©fice : [0, 1, 0, 0, 0, 1, 0, 0]
reculer : [0, 1, 0, 0, 0, 0, 0, 0]
sommaire : [0, 0, 0, 0, 0, 0, 1, 0]
√©pargnant : [0, 0, 0, 0, 1, 0, 0, 0]
probl√®mes : [0, 0, 0, 0, 0, 1, 0, 1]
veux : [0, 1, 0, 1, 1, 0, 0, 2]
rappelle : [0, 0, 0, 0, 0, 0, 1, 0]
comit√© : [0, 0, 0, 0, 0, 1, 0, 0]
vrai : [0, 0, 0, 0, 0, 1, 0, 0]
ni : [0, 0, 0, 1, 1, 0, 2, 2]
cette : [0, 1, 1, 1, 4, 2, 3, 4]
juste : [1, 0, 0, 0, 1, 0, 0, 0]
soir : [0, 0, 0, 0, 2, 0, 0, 0]
attitude : [0, 0, 1, 0, 0, 0, 0, 0]
enjeu : [0, 0, 0, 1, 0, 0, 0, 0]
mer : [0, 1, 0, 0, 0, 0, 0, 0]
capitalisme : [0, 0, 0, 0, 1, 0, 0, 0]
livre : [0, 0, 1, 0, 0, 0, 0, 0]
prise : [0, 0, 0, 1, 0, 0, 1, 1]
stimulation : [0, 0, 0, 1, 0, 0, 0, 0]
g√©ographie : [0, 0, 0, 0, 1, 0, 0, 0]
fractures : [1, 0, 0, 0, 1, 0, 0, 0]
contraires : [0, 0, 0, 0, 1, 0, 0, 0]
mains : [0, 0, 0, 0, 1, 0, 1, 0]
imp√©ratifs : [0, 1, 0, 0, 0, 0, 0, 0]
menac√©e : [0, 0, 0, 0, 1, 0, 0, 0]
garder : [0, 0, 0, 0, 0, 0, 1, 0]
titres : [0, 0, 0, 0, 0, 0, 1, 0]
id√©e : [1, 0, 0, 1, 0, 0, 0, 0]
efforcerai : [0, 0, 0, 0, 0, 0, 0, 1]
chacun : [0, 3, 1, 1, 1, 1, 0, 4]
devront : [0, 0, 0, 0, 1, 0, 0, 0]
dernier : [0, 0, 0, 0, 1, 0, 0, 0]
gaiete : [0, 0, 1, 0, 0, 0, 0, 0]
amplifi√© : [0, 0, 0, 0, 1, 0, 0, 0]
douloureuse : [0, 0, 0, 0, 0, 1, 0, 0]
aupr√®s : [1, 0, 0, 0, 0, 0, 0, 0]
permettant : [0, 1, 0, 0, 0, 0, 0, 0]
instable : [0, 0, 0, 1, 0, 0, 0, 0]
g√©n√©ration : [0, 0, 0, 0, 1, 0, 0, 0]
messieurs : [2, 1, 4, 2, 2, 1, 1, 1]
37 : [0, 0, 0, 0, 0, 1, 0, 0]
plan : [0, 1, 0, 0, 0, 0, 0, 0]
fatalit√© : [0, 0, 0, 1, 0, 0, 0, 0]
charg√© : [0, 0, 0, 1, 0, 0, 0, 0]
val√©ry : [0, 0, 0, 1, 1, 0, 0, 1]
voil√ : [0, 0, 0, 0, 1, 0, 1, 0]
constitution : [0, 0, 0, 1, 0, 0, 0, 0]
scrupuleuse : [0, 0, 0, 1, 0, 0, 0, 0]
voix : [0, 0, 0, 0, 2, 0, 0, 0]
audace : [0, 0, 0, 0, 1, 0, 0, 0]
conseilconstitutionnel : [0, 0, 1, 0, 0, 0, 0, 0]
demande : [0, 0, 1, 0, 0, 0, 0, 0]
1870 : [0, 0, 0, 0, 0, 1, 0, 0]
diff√©rents : [0, 0, 0, 0, 0, 0, 1, 0]
√©galit√© : [0, 5, 0, 0, 2, 1, 2, 0]
attach√© : [0, 0, 0, 0, 0, 0, 1, 0]
services : [0, 0, 0, 1, 0, 0, 0, 0]
esprit : [1, 3, 0, 0, 4, 0, 3, 0]
droits : [1, 4, 1, 2, 1, 1, 0, 3]
respect : [0, 2, 1, 0, 0, 0, 2, 3]
clos : [1, 0, 0, 0, 0, 0, 0, 0]
fin : [0, 1, 0, 0, 0, 0, 0, 0]
seule : [0, 0, 0, 0, 1, 0, 0, 1]
formulez : [0, 0, 0, 0, 0, 1, 0, 0]
police : [0, 0, 0, 0, 0, 1, 0, 0]
sant√© : [0, 1, 0, 0, 0, 0, 0, 0]
langue : [0, 0, 0, 1, 0, 0, 0, 0]
toujours : [1, 1, 0, 3, 4, 0, 1, 5]
engagements : [0, 0, 0, 1, 1, 1, 0, 1]
divis√©e : [0, 0, 0, 0, 0, 0, 1, 0]
garants : [0, 0, 0, 0, 0, 0, 1, 0]
r√©formes : [0, 0, 0, 1, 0, 0, 0, 0]
d√©cision : [0, 0, 0, 1, 0, 0, 0, 0]
donn√©e : [0, 0, 0, 0, 0, 0, 0, 1]
grandeur : [0, 0, 0, 1, 0, 0, 0, 0]
immobilisme : [0, 0, 0, 0, 0, 0, 0, 2]
dont : [0, 2, 1, 0, 2, 1, 2, 0]
travailleurs : [0, 0, 1, 0, 0, 0, 0, 0]
m : [0, 3, 3, 1, 4, 4, 2, 5]
grand : [0, 0, 1, 1, 1, 1, 1, 1]
victor : [0, 0, 0, 0, 0, 1, 0, 0]
attentes : [0, 3, 0, 0, 0, 0, 0, 0]
imagination : [0, 0, 0, 0, 0, 1, 0, 0]
atouts : [1, 1, 0, 1, 1, 0, 0, 0]
√©prouv√© : [0, 0, 0, 0, 0, 0, 0, 1]
allie : [0, 0, 0, 1, 0, 0, 0, 0]
migratoire : [0, 0, 0, 0, 1, 0, 0, 0]
r√©affirmer : [0, 1, 0, 0, 1, 0, 0, 0]
√©motion : [0, 0, 0, 0, 0, 1, 0, 1]
lent : [0, 0, 0, 0, 1, 0, 0, 0]
quoi : [0, 0, 0, 0, 0, 1, 0, 0]
constitue : [0, 1, 0, 0, 0, 0, 0, 0]
vives : [0, 1, 0, 0, 0, 0, 0, 0]
r√©soudre : [0, 0, 0, 0, 1, 0, 0, 1]
mitterrand : [1, 0, 1, 1, 1, 0, 0, 1]
connaisse : [0, 0, 0, 0, 1, 0, 0, 0]
destructeurs : [0, 0, 0, 0, 0, 0, 0, 1]
garantie : [0, 0, 0, 0, 0, 1, 0, 0]
triomphe : [0, 0, 0, 0, 0, 0, 1, 0]
bonne : [1, 0, 0, 0, 0, 0, 0, 1]
regain : [0, 0, 0, 0, 1, 0, 0, 0]
injustement : [0, 0, 0, 0, 1, 0, 0, 0]
sienne : [0, 0, 0, 1, 0, 0, 0, 2]
paris : [0, 0, 0, 0, 1, 9, 0, 0]
celle : [0, 1, 0, 1, 0, 1, 0, 2]
autoritaires : [0, 0, 0, 0, 1, 0, 0, 0]
recommandent : [0, 0, 0, 1, 0, 0, 0, 0]
renseignement : [0, 0, 0, 0, 1, 0, 0, 0]
vivons : [0, 0, 0, 0, 1, 0, 0, 0]
voulait : [0, 0, 0, 0, 0, 0, 0, 1]
s : [2, 8, 2, 2, 7, 2, 0, 6]
ouvre : [0, 0, 1, 1, 0, 0, 0, 0]
condition : [0, 0, 0, 1, 0, 0, 0, 1]
contemporaines : [0, 0, 0, 0, 1, 0, 0, 0]
devoirs : [0, 2, 0, 0, 0, 0, 0, 0]
force : [1, 2, 0, 0, 0, 0, 0, 1]
dure : [0, 0, 0, 0, 0, 0, 0, 1]
irr√©prochable : [0, 0, 0, 0, 0, 0, 0, 1]
partage : [1, 0, 0, 0, 0, 0, 0, 0]
exigences : [0, 1, 0, 0, 1, 0, 0, 0]
simplicit√© : [1, 0, 0, 1, 0, 0, 0, 0]
moyens : [2, 0, 0, 0, 0, 0, 0, 0]
√©tais : [0, 0, 0, 0, 0, 1, 0, 0]
1830 : [0, 0, 0, 0, 0, 1, 0, 0]
peur : [0, 0, 0, 0, 1, 0, 1, 1]
rassembler : [0, 0, 0, 0, 1, 0, 1, 1]
pr√©occupation : [1, 0, 0, 0, 0, 0, 0, 0]
disait : [0, 0, 0, 0, 0, 1, 0, 0]
francais : [0, 0, 1, 0, 0, 0, 0, 0]
et : [15, 31, 19, 36, 38, 20, 15, 40]
angoisse : [0, 1, 0, 0, 0, 0, 0, 0]
culture : [0, 2, 0, 2, 2, 0, 0, 0]
lutterai : [0, 0, 0, 1, 0, 0, 0, 0]
exploitation : [0, 1, 0, 0, 0, 0, 0, 0]
villes : [0, 0, 0, 1, 0, 0, 0, 0]
pleine : [0, 0, 0, 0, 0, 0, 0, 1]
fraternelle : [0, 0, 0, 0, 0, 1, 0, 0]
√©gaux : [1, 0, 0, 0, 0, 0, 0, 1]
√©changes : [0, 1, 0, 1, 0, 0, 0, 0]
√©coute : [0, 1, 0, 0, 0, 0, 0, 0]
basculer : [0, 0, 0, 0, 1, 0, 0, 0]
notamment : [0, 0, 1, 0, 0, 0, 0, 0]
trouver : [0, 0, 0, 0, 1, 0, 0, 1]
servirai : [0, 0, 0, 0, 1, 0, 0, 0]
surtout : [1, 0, 0, 0, 1, 0, 0, 0]
continuit√© : [0, 0, 0, 0, 0, 0, 1, 0]
soyons : [0, 0, 0, 0, 1, 0, 0, 0]
yeux : [0, 0, 0, 0, 1, 0, 0, 1]
opprim√©s : [0, 0, 0, 1, 0, 0, 0, 0]
ouverte : [0, 1, 0, 0, 0, 0, 0, 0]
symboles : [0, 1, 0, 0, 0, 0, 0, 0]
h√¥tel : [0, 0, 0, 0, 0, 3, 0, 0]
jaur√®s : [0, 0, 0, 0, 0, 0, 1, 0]
mouvements : [0, 1, 0, 0, 0, 0, 0, 0]
prochain : [0, 0, 0, 0, 0, 0, 1, 0]
courage : [0, 0, 0, 0, 0, 0, 0, 1]
craintes : [0, 0, 0, 0, 1, 0, 0, 0]
nouvelle : [0, 0, 2, 3, 0, 1, 0, 0]
illusoire : [0, 0, 0, 0, 1, 0, 0, 0]
travailler : [0, 0, 0, 0, 0, 0, 0, 1]
comp√©tence : [0, 0, 0, 1, 0, 0, 0, 0]
mois : [0, 0, 0, 0, 0, 0, 1, 0]
oubli√©s : [0, 0, 0, 0, 2, 0, 0, 0]
voudrais : [3, 0, 0, 0, 0, 0, 0, 0]
vainqueur : [0, 0, 0, 0, 0, 0, 0, 1]
c√©der : [0, 0, 0, 0, 1, 0, 0, 0]
fasse : [0, 2, 0, 0, 0, 0, 0, 0]
mill√©naire : [1, 0, 0, 0, 0, 0, 0, 0]
facilit√© : [0, 0, 0, 0, 1, 0, 0, 0]
sut : [0, 0, 0, 0, 1, 0, 0, 1]
minute : [0, 0, 0, 0, 0, 1, 0, 0]
relan√ßa : [0, 0, 0, 1, 0, 0, 0, 0]
saura : [0, 1, 0, 0, 0, 0, 0, 0]
prononces : [0, 0, 1, 0, 0, 0, 0, 0]
pr√™t : [0, 0, 0, 0, 0, 0, 0, 1]
eux : [0, 1, 0, 0, 2, 0, 0, 3]
son : [6, 5, 2, 5, 5, 1, 2, 2]
giscard : [0, 0, 0, 1, 1, 0, 0, 1]
interd√©pendants : [0, 0, 0, 0, 1, 0, 0, 0]
attentive : [0, 2, 0, 0, 0, 0, 0, 0]
conseiller : [0, 0, 0, 0, 0, 1, 0, 0]
fronti√®re : [0, 0, 0, 1, 0, 0, 0, 0]
√©l√©vation : [0, 0, 0, 1, 0, 0, 0, 0]
√©mancipation : [0, 0, 0, 0, 1, 0, 0, 0]
r√©tr√©cie : [0, 0, 0, 0, 1, 0, 0, 0]
d√©veloppement : [0, 1, 0, 2, 0, 0, 0, 1]
appelle : [0, 0, 0, 0, 0, 1, 0, 0]
portent : [0, 1, 0, 0, 0, 0, 0, 0]
histoire : [1, 1, 1, 2, 2, 2, 1, 2]
oeuvra : [0, 0, 0, 0, 1, 0, 0, 0]
inactifs : [0, 0, 1, 0, 0, 0, 0, 0]
repose : [0, 0, 0, 1, 0, 0, 0, 0]
sociales : [0, 0, 0, 0, 2, 0, 0, 0]
faire : [1, 3, 1, 1, 2, 3, 1, 1]
s√©curit√© : [0, 2, 0, 0, 0, 0, 1, 1]
rang : [0, 3, 0, 0, 3, 0, 0, 0]
m√©moire : [0, 0, 0, 0, 0, 1, 0, 0]
pr√©v√¥t : [0, 0, 0, 0, 0, 1, 0, 0]
constatent : [1, 0, 0, 0, 0, 0, 0, 0]
assurer : [0, 0, 0, 0, 0, 0, 1, 0]
essentiel : [0, 1, 0, 0, 0, 0, 0, 0]
capacite : [0, 0, 1, 0, 0, 0, 0, 0]
fortement : [0, 0, 0, 0, 0, 0, 0, 1]
lourdes : [1, 0, 0, 0, 0, 0, 0, 0]
elle : [2, 13, 0, 9, 8, 3, 3, 5]
servent : [0, 0, 0, 0, 0, 0, 1, 0]
paix : [0, 0, 0, 1, 1, 0, 1, 1]
croire : [0, 0, 0, 0, 0, 0, 0, 1]
parcelle : [0, 1, 0, 0, 0, 0, 0, 0]
√©crire : [0, 0, 0, 0, 1, 0, 0, 0]
pr√®s : [0, 0, 0, 0, 0, 0, 1, 0]
salari√©s : [0, 0, 0, 1, 0, 0, 0, 0]
ou : [0, 0, 0, 1, 4, 0, 3, 0]
r√©confort√©s : [0, 0, 0, 0, 1, 0, 0, 0]
priorit√©s : [0, 0, 0, 1, 0, 0, 0, 1]
renouvel√© : [0, 1, 0, 0, 0, 0, 0, 0]
salue : [0, 0, 0, 1, 0, 0, 0, 0]
amiti√©s : [0, 0, 0, 0, 0, 0, 0, 1]
poids : [0, 0, 0, 1, 0, 0, 0, 0]
conform√©ment : [1, 0, 0, 1, 0, 1, 0, 0]
propri√©t√© : [0, 0, 0, 1, 0, 0, 0, 0]
telles : [1, 0, 0, 0, 0, 0, 0, 0]
mes : [1, 0, 0, 3, 1, 0, 1, 1]
√©lan : [1, 0, 0, 0, 1, 0, 1, 0]
changer : [0, 0, 0, 0, 0, 0, 0, 1]
nomination : [0, 0, 0, 1, 0, 0, 0, 0]
d√©courager : [0, 0, 0, 1, 0, 0, 0, 0]
d : [11, 18, 0, 12, 13, 10, 5, 14]
hors : [0, 0, 0, 0, 1, 0, 1, 0]
vient : [0, 0, 0, 0, 0, 2, 0, 1]
talents : [0, 0, 0, 0, 0, 0, 0, 1]
libres : [0, 0, 0, 0, 0, 0, 0, 1]
exprim√©s : [0, 0, 0, 0, 0, 0, 0, 1]
publiques : [0, 1, 0, 1, 0, 0, 0, 0]
quel : [0, 0, 0, 1, 0, 0, 0, 0]
y : [0, 2, 0, 6, 1, 3, 0, 6]
associera : [0, 0, 1, 0, 0, 0, 0, 0]
demandait : [0, 0, 0, 0, 1, 0, 0, 0]
viennent : [1, 3, 0, 0, 1, 0, 0, 0]
temoignant : [0, 0, 1, 0, 0, 0, 0, 0]
donne : [0, 0, 0, 0, 1, 0, 0, 0]
donc : [0, 0, 0, 1, 0, 0, 0, 0]
fen√™tres : [0, 0, 0, 0, 0, 1, 0, 0]
fond√©e : [0, 0, 0, 0, 0, 0, 0, 1]
26 : [0, 0, 0, 0, 0, 1, 0, 0]
assez : [0, 0, 0, 0, 0, 0, 0, 3]
tant : [0, 2, 0, 1, 0, 2, 0, 2]
unit√© : [1, 3, 0, 1, 0, 0, 1, 0]
proclamation : [0, 1, 1, 0, 0, 0, 0, 0]
efficace : [0, 0, 0, 0, 2, 0, 0, 0]
autant : [0, 0, 0, 0, 0, 0, 0, 1]
retard : [0, 0, 0, 0, 0, 0, 0, 1]
id√©al : [0, 1, 0, 0, 0, 0, 1, 0]
s√©pare : [0, 1, 0, 0, 0, 0, 1, 0]
absolue : [0, 0, 0, 0, 1, 0, 0, 0]
imp√©rieux : [0, 0, 0, 1, 0, 0, 0, 0]
famille : [0, 1, 0, 0, 0, 0, 0, 0]
oeuvrerai : [0, 0, 0, 0, 1, 0, 0, 0]
particuliers : [0, 1, 0, 0, 0, 0, 1, 0]
extr√©misme : [0, 1, 0, 0, 0, 0, 0, 0]
moment : [0, 0, 0, 0, 1, 1, 1, 1]
extraordinaire : [0, 0, 0, 0, 1, 0, 0, 0]
d√©rives : [0, 0, 0, 0, 1, 0, 0, 0]
pr√©f√®re : [0, 0, 0, 0, 0, 1, 0, 0]
sens : [1, 0, 0, 2, 2, 0, 1, 0]
actuelle : [0, 1, 0, 0, 0, 0, 0, 0]
organisation : [0, 1, 0, 0, 0, 0, 0, 0]
territoire : [0, 1, 0, 0, 0, 0, 0, 0]
hauteur : [0, 1, 0, 0, 1, 0, 0, 0]
voire : [0, 0, 0, 0, 1, 0, 0, 0]
savoir : [0, 0, 0, 0, 0, 0, 1, 0]
mouvement : [0, 0, 0, 0, 1, 0, 0, 1]
bon : [0, 0, 0, 0, 0, 1, 0, 0]
initiative : [0, 0, 0, 1, 1, 0, 1, 1]
d√©grad√©e : [0, 0, 0, 1, 0, 0, 0, 0]
perdrait : [0, 0, 0, 0, 0, 0, 1, 0]
symbole : [0, 0, 0, 0, 0, 1, 0, 0]
prends : [1, 0, 0, 0, 0, 0, 0, 1]
consid√©rables : [0, 0, 0, 1, 0, 0, 0, 0]
renaissance : [0, 0, 0, 0, 1, 0, 0, 0]
jouer : [0, 1, 0, 0, 0, 0, 0, 0]
soit : [3, 0, 0, 1, 0, 0, 0, 2]
assumerai : [0, 1, 0, 1, 0, 0, 0, 0]
int√©rieur : [0, 1, 0, 0, 1, 0, 0, 0]
imm√©diat : [0, 0, 0, 1, 0, 0, 0, 0]
retards : [0, 0, 0, 0, 0, 0, 1, 0]
h√©sitations : [0, 0, 0, 0, 0, 0, 1, 0]
d√©cevoir : [0, 0, 0, 0, 0, 0, 0, 2]
raisonn√©e : [0, 1, 0, 0, 0, 0, 0, 0]
d√©pend : [0, 1, 0, 0, 0, 0, 0, 0]
chaque : [0, 4, 0, 2, 1, 1, 2, 1]
investi : [0, 0, 0, 1, 0, 0, 0, 0]
intelligences : [0, 0, 0, 0, 0, 0, 0, 1]
occupe : [0, 0, 0, 1, 0, 0, 0, 0]
gaulle : [1, 0, 0, 1, 1, 1, 0, 1]
r√©concilier : [0, 0, 0, 0, 1, 0, 0, 0]
go√ªt : [0, 0, 0, 0, 1, 0, 0, 0]
comptes : [0, 0, 0, 0, 0, 0, 1, 0]
si√®cle : [0, 1, 0, 0, 1, 0, 0, 0]
eu : [0, 0, 0, 1, 0, 0, 0, 2]
affrontement : [0, 0, 0, 0, 0, 0, 1, 0]
rendrai : [0, 0, 0, 1, 0, 0, 0, 0]
prot√©geant : [0, 0, 0, 0, 1, 0, 0, 0]
voient : [1, 1, 0, 0, 0, 0, 0, 0]
anime : [0, 0, 0, 2, 0, 0, 0, 0]
abord : [0, 0, 0, 1, 0, 1, 0, 2]
v√©ritable : [0, 0, 0, 0, 0, 0, 1, 0]
singuli√®rement : [0, 0, 0, 0, 1, 0, 0, 0]
√¢me : [0, 0, 0, 0, 0, 0, 0, 1]
principal : [0, 0, 0, 0, 0, 0, 1, 0]
attendent : [0, 1, 0, 1, 1, 0, 1, 0]
√©vidente : [0, 0, 0, 0, 0, 0, 1, 0]
consid√©rable : [0, 0, 0, 0, 1, 0, 0, 0]
pauvres : [0, 0, 0, 0, 0, 1, 0, 0]
renaissant : [0, 0, 0, 0, 0, 1, 0, 0]
soucieuse : [0, 1, 0, 0, 0, 0, 0, 0]
exagererai : [0, 0, 0, 0, 0, 0, 1, 0]
circonstances : [0, 0, 0, 1, 0, 0, 0, 0]
compt√©titions : [0, 0, 0, 0, 0, 0, 1, 0]
multiples : [0, 0, 0, 0, 0, 0, 1, 0]
cicatrices : [1, 0, 0, 0, 0, 0, 0, 0]
jamais : [0, 0, 0, 1, 1, 0, 1, 9]
convictions : [0, 0, 0, 1, 0, 0, 0, 2]
hexagone : [0, 0, 0, 1, 0, 0, 0, 0]
exemplarit√© : [0, 0, 0, 1, 0, 0, 0, 0]
france : [7, 8, 1, 9, 19, 4, 7, 13]
formation : [0, 0, 0, 1, 0, 0, 0, 0]
industrielles : [0, 0, 0, 0, 0, 0, 1, 0]
lutter : [0, 0, 0, 1, 0, 0, 0, 1]
nouvel : [0, 0, 0, 1, 1, 0, 0, 0]
√©tait : [0, 0, 0, 0, 0, 2, 0, 0]
compatriotes : [1, 6, 0, 0, 2, 0, 1, 0]
sachons : [0, 0, 0, 0, 0, 1, 0, 0]
dois : [0, 0, 0, 0, 0, 1, 0, 0]
attacherai : [0, 1, 0, 0, 0, 0, 0, 0]
pr√©sent : [0, 0, 0, 1, 0, 1, 0, 0]
conduirai : [0, 0, 3, 0, 0, 0, 0, 0]
competition : [0, 0, 1, 0, 0, 0, 0, 0]
t : [0, 0, 0, 0, 1, 0, 0, 0]
m√©chants : [0, 0, 0, 0, 0, 0, 1, 0]
dette : [0, 0, 0, 1, 0, 0, 0, 0]
implique : [0, 0, 1, 0, 0, 0, 0, 0]
r√©publicaine : [0, 0, 0, 0, 1, 0, 0, 0]
forts : [0, 0, 0, 0, 1, 0, 0, 0]
d√©couragement : [0, 0, 0, 0, 1, 0, 0, 0]
nicolas : [0, 0, 0, 1, 1, 0, 0, 0]
respect√©s : [0, 1, 0, 0, 0, 0, 0, 0]
usages : [0, 0, 0, 0, 1, 0, 0, 0]
accord : [0, 0, 0, 0, 1, 0, 0, 0]
indivisible : [0, 1, 0, 0, 0, 0, 0, 0]
modernis√©es : [0, 0, 0, 0, 0, 0, 1, 0]
injuste : [0, 0, 0, 0, 0, 0, 1, 0]
quelques : [0, 0, 0, 0, 0, 1, 0, 0]
croyances : [0, 0, 0, 0, 1, 0, 0, 0]
grandes : [1, 0, 0, 0, 2, 0, 0, 0]
apporter : [0, 0, 0, 0, 1, 0, 0, 0]
m√™mes : [0, 2, 0, 1, 0, 0, 1, 0]
respecterai : [0, 0, 0, 1, 0, 0, 0, 0]
relancer : [0, 0, 0, 1, 0, 0, 0, 0]
vaste : [0, 0, 0, 0, 1, 0, 0, 0]
comp√©titions : [0, 0, 0, 0, 0, 1, 0, 0]
vocation : [0, 1, 0, 1, 1, 0, 0, 1]
porte : [0, 0, 1, 0, 2, 0, 0, 1]
quand : [0, 0, 0, 0, 0, 0, 1, 0]
longue : [0, 0, 1, 0, 0, 0, 0, 0]
fonctionnent : [0, 0, 0, 0, 1, 0, 0, 0]
assur√© : [0, 0, 0, 0, 0, 0, 1, 0]
forces : [1, 1, 0, 2, 1, 0, 1, 0]
conqu√™te : [0, 0, 0, 0, 1, 0, 0, 0]
mobilisons : [0, 0, 0, 1, 0, 0, 0, 0]
gravit√© : [0, 0, 0, 0, 1, 0, 0, 1]
certains : [0, 0, 0, 0, 1, 0, 0, 0]
fa√ßon : [0, 0, 0, 0, 0, 1, 0, 0]
il : [1, 2, 2, 8, 3, 6, 3, 9]
choisi : [0, 0, 0, 0, 2, 0, 0, 0]
pr√©d√©cesseurs : [0, 0, 0, 1, 1, 0, 0, 0]
regard√© : [0, 0, 0, 0, 1, 0, 0, 0]
majorit√© : [0, 0, 0, 0, 0, 0, 1, 0]
d√©roger : [0, 0, 0, 0, 0, 1, 0, 0]
refond√© : [0, 0, 0, 0, 1, 0, 0, 0]
m√©ritent : [0, 0, 0, 0, 0, 0, 0, 1]
8 : [0, 0, 0, 0, 0, 0, 1, 0]
civique : [0, 0, 0, 1, 0, 0, 0, 0]
mandat : [1, 3, 0, 1, 2, 0, 1, 2]
r√©partis : [0, 0, 0, 0, 0, 0, 0, 1]
voeux : [0, 0, 0, 0, 0, 1, 0, 0]
attentif : [0, 0, 0, 0, 1, 0, 0, 0]
lieu : [0, 0, 0, 0, 1, 0, 0, 0]
nom : [0, 0, 0, 1, 0, 0, 2, 0]
contre : [2, 0, 0, 3, 0, 2, 0, 3]
aucun : [0, 0, 0, 0, 0, 0, 1, 1]
contradictions : [0, 0, 0, 0, 0, 0, 1, 0]
qualit√© : [0, 1, 0, 2, 0, 0, 0, 0]
beaucoup : [0, 1, 0, 0, 1, 3, 0, 0]
viens : [0, 0, 0, 0, 0, 1, 0, 0]
imaginer : [0, 0, 0, 0, 0, 0, 0, 1]
centenaire : [0, 0, 0, 0, 0, 0, 1, 0]
appel√©e : [0, 0, 0, 0, 1, 0, 0, 0]
tol√©rance : [0, 0, 0, 0, 0, 0, 0, 1]
r√©alit√© : [1, 0, 0, 0, 0, 0, 0, 0]
montait : [0, 0, 0, 0, 0, 1, 0, 0]
demanderai : [0, 0, 0, 0, 0, 0, 0, 1]
fix√©e : [0, 0, 0, 1, 0, 0, 0, 0]
allante : [1, 0, 0, 0, 0, 0, 0, 0]
surmonter : [0, 0, 0, 1, 0, 0, 0, 1]
designer : [0, 0, 1, 0, 0, 0, 0, 0]
forte : [2, 1, 0, 0, 2, 0, 0, 3]
horizon : [1, 0, 0, 0, 0, 0, 0, 0]
inqui√©tude : [0, 1, 0, 0, 1, 0, 0, 0]
ao√ªt : [0, 0, 0, 0, 0, 3, 0, 0]
affaiblie : [0, 0, 0, 0, 1, 0, 0, 0]
pr√©carit√© : [0, 2, 0, 1, 0, 0, 0, 0]
veiller : [0, 0, 0, 0, 1, 0, 0, 0]
raison : [0, 0, 0, 0, 1, 0, 1, 0]
veillerai : [1, 1, 0, 0, 1, 0, 0, 1]
cet : [0, 0, 1, 1, 0, 3, 0, 1]
pr√©sence : [0, 1, 0, 0, 0, 0, 0, 0]
rayonnement : [0, 0, 0, 1, 0, 0, 1, 0]
crois : [0, 0, 0, 3, 1, 0, 1, 0]
accidents : [0, 0, 0, 0, 1, 0, 0, 0]
qui : [4, 10, 7, 20, 26, 9, 4, 39]
constitutionnel : [0, 1, 0, 0, 0, 0, 1, 0]
concourt : [0, 0, 0, 0, 1, 0, 0, 0]
pied : [0, 0, 0, 0, 0, 0, 0, 1]
plein : [0, 1, 0, 0, 0, 0, 0, 0]
enseign√© : [0, 0, 0, 0, 1, 0, 0, 0]
privil√©gier : [0, 1, 0, 0, 0, 0, 0, 0]
parisien : [0, 0, 0, 0, 0, 1, 0, 0]
conduira : [1, 0, 0, 2, 0, 0, 0, 0]
envers : [0, 1, 0, 0, 0, 0, 0, 1]
venez : [0, 0, 1, 0, 0, 1, 0, 0]
relev√© : [0, 0, 0, 0, 0, 0, 0, 1]
efforts : [0, 0, 0, 0, 1, 0, 0, 0]
comptez : [0, 0, 0, 0, 0, 0, 1, 0]
devenir : [1, 0, 2, 1, 0, 0, 0, 0]
valeurs : [1, 1, 0, 4, 3, 0, 3, 4]
moi : [0, 2, 1, 1, 2, 1, 1, 0]
personne : [0, 0, 0, 0, 0, 0, 1, 1]
le : [17, 19, 14, 31, 31, 19, 21, 22]
sup√©rieurs : [1, 1, 0, 0, 1, 0, 0, 0]
quartiers : [0, 0, 0, 1, 0, 0, 0, 0]
souci : [0, 1, 0, 1, 0, 0, 0, 0]
humaniste : [0, 1, 0, 0, 0, 0, 0, 0]
intol√©rables : [0, 0, 0, 0, 0, 0, 1, 0]
coeurs : [0, 1, 0, 0, 0, 0, 0, 0]
hollande : [0, 0, 0, 0, 1, 0, 0, 0]
controle : [0, 0, 1, 0, 0, 0, 0, 0]
mobiliser : [0, 1, 0, 0, 0, 0, 0, 0]
d√©vouent : [0, 0, 0, 1, 0, 0, 0, 0]
servitudes : [0, 0, 0, 0, 0, 0, 1, 0]
charge : [2, 0, 0, 2, 0, 0, 0, 0]
√©crit : [0, 0, 0, 0, 0, 1, 0, 0]
s√ªr : [0, 0, 0, 0, 3, 0, 0, 0]
ait : [0, 1, 0, 0, 0, 0, 0, 0]
partenaires : [0, 0, 0, 2, 0, 0, 0, 0]
servir : [0, 0, 0, 0, 0, 0, 1, 2]
afrique : [0, 0, 0, 0, 0, 0, 0, 1]
tranquillit√© : [0, 1, 0, 0, 0, 0, 0, 0]
√©tranger : [0, 1, 0, 0, 0, 0, 0, 0]
justement : [0, 0, 0, 0, 0, 0, 1, 0]
president : [0, 0, 4, 0, 0, 0, 0, 0]
date : [0, 0, 1, 0, 0, 0, 0, 0]
d√©truit : [0, 1, 0, 0, 0, 0, 0, 0]
exemplaire : [0, 0, 0, 0, 1, 0, 0, 0]
aux : [1, 5, 1, 5, 9, 1, 2, 3]
prendront : [0, 0, 0, 0, 0, 0, 1, 0]
internationale : [0, 2, 0, 0, 0, 0, 0, 0]
difficile : [0, 0, 0, 0, 0, 1, 0, 1]
¬úuvre : [0, 0, 0, 1, 0, 0, 0, 0]
veillera : [0, 0, 0, 0, 1, 0, 0, 0]
bout : [0, 0, 0, 0, 0, 0, 1, 0]
suis : [1, 1, 0, 2, 1, 1, 1, 1]
professionnelles : [0, 0, 0, 1, 0, 0, 0, 0]
f√™tes : [0, 0, 0, 0, 0, 1, 0, 0]
hauts : [0, 0, 0, 1, 0, 0, 0, 0]
1848 : [0, 0, 0, 0, 0, 1, 0, 0]
ambition : [1, 0, 0, 1, 0, 0, 0, 0]
derni√®res : [0, 0, 0, 0, 1, 0, 0, 0]
auxquelles : [0, 0, 0, 1, 0, 0, 0, 0]
√©taient : [0, 0, 0, 0, 0, 0, 0, 2]
mod√®le : [0, 0, 0, 0, 2, 0, 0, 0]
maison : [0, 0, 0, 0, 0, 1, 0, 0]
parce : [0, 0, 1, 1, 3, 1, 0, 15]
universel : [0, 0, 0, 0, 0, 2, 0, 0]
amis : [0, 1, 0, 0, 0, 0, 0, 0]
m√™me : [2, 1, 0, 4, 2, 4, 3, 0]
parmi : [0, 1, 0, 0, 0, 1, 0, 0]
unis : [1, 0, 0, 0, 0, 0, 0, 0]
ferai : [2, 0, 0, 0, 1, 0, 1, 1]
leurs : [2, 1, 0, 0, 0, 0, 0, 5]
tous : [3, 5, 0, 5, 6, 1, 2, 7]
solides : [0, 0, 0, 0, 1, 0, 0, 0]
apr√®s : [0, 0, 0, 0, 0, 1, 0, 0]
proposerai : [0, 0, 0, 1, 0, 0, 0, 0]
lib√©r√© : [0, 0, 0, 0, 1, 0, 0, 0]
dynamisme : [0, 0, 0, 1, 0, 0, 0, 0]
crit√®res : [0, 0, 0, 1, 0, 0, 0, 0]
septennat : [2, 0, 0, 0, 0, 0, 1, 0]
furent : [0, 0, 0, 0, 0, 1, 0, 0]
social : [0, 1, 0, 1, 1, 0, 0, 1]
r√©ussite : [0, 0, 0, 1, 0, 1, 0, 0]
surmont√©es : [0, 0, 0, 0, 1, 0, 0, 0]
un : [6, 5, 1, 7, 11, 7, 0, 6]
incarner : [0, 0, 0, 0, 0, 0, 0, 1]
√™tre : [0, 7, 0, 2, 3, 0, 0, 3]
place : [0, 2, 0, 4, 0, 0, 0, 3]
compromis : [0, 0, 0, 0, 1, 0, 0, 0]
b√©n√©voles : [0, 0, 0, 1, 0, 0, 0, 0]
populaire : [0, 0, 0, 0, 0, 1, 1, 0]
d√©fiance : [0, 0, 0, 0, 2, 0, 0, 0]
recevoir : [0, 0, 0, 0, 0, 1, 0, 0]
vuln√©rables : [0, 1, 0, 0, 0, 0, 0, 1]
devons : [0, 0, 0, 1, 1, 0, 0, 0]
marqu√© : [1, 0, 0, 0, 0, 0, 0, 0]
nations : [0, 0, 0, 0, 2, 0, 0, 0]
√©quitablement : [0, 0, 0, 0, 0, 0, 0, 1]
conduire : [0, 0, 0, 1, 0, 0, 0, 0]
ouverture : [0, 0, 0, 1, 0, 0, 1, 2]
d√©cri√©es : [0, 0, 0, 0, 1, 0, 0, 0]
choix : [0, 0, 0, 2, 0, 1, 0, 0]
profond : [0, 0, 0, 0, 2, 0, 0, 0]
√©ducation : [0, 0, 0, 0, 1, 0, 0, 0]
renoncer : [0, 0, 0, 0, 1, 0, 0, 2]
lenteurs : [0, 0, 0, 0, 0, 0, 1, 0]
troisi√®me : [1, 0, 0, 0, 0, 0, 0, 0]
convaincre : [0, 0, 0, 0, 1, 0, 0, 0]
impose : [0, 1, 0, 0, 0, 0, 0, 1]
emploi : [1, 1, 0, 2, 0, 0, 1, 0]
accomplir : [0, 0, 0, 0, 0, 1, 0, 0]
confiants : [1, 0, 0, 0, 0, 0, 0, 0]
remarquables : [0, 0, 0, 0, 1, 0, 0, 0]
souscrits : [0, 0, 0, 0, 0, 1, 0, 0]
contraire : [0, 0, 0, 0, 1, 0, 1, 0]
plain : [0, 0, 0, 0, 0, 0, 0, 1]
leur : [1, 5, 3, 1, 4, 0, 1, 9]
fid√®le : [0, 2, 0, 1, 0, 1, 0, 0]
continuer : [0, 0, 0, 0, 0, 0, 0, 1]
ouvrir : [0, 0, 0, 2, 0, 0, 0, 0]
prot√©ger : [0, 0, 0, 1, 0, 0, 0, 0]
comprendre : [0, 0, 0, 0, 0, 0, 1, 0]
politique : [1, 0, 2, 1, 1, 0, 1, 1]
ach√®ve : [1, 0, 0, 0, 0, 0, 0, 0]
action : [1, 2, 1, 0, 2, 0, 1, 1]
rappeler : [0, 0, 1, 0, 0, 0, 0, 0]
crit√®re : [0, 0, 0, 1, 0, 0, 0, 0]
deux : [0, 0, 0, 0, 1, 0, 0, 1]
signifie : [0, 3, 0, 0, 0, 0, 0, 0]
rechercher : [0, 0, 0, 0, 0, 0, 1, 0]
subir : [0, 0, 0, 0, 0, 0, 0, 1]
premi√®res : [0, 1, 0, 0, 0, 0, 0, 0]
chaban : [0, 0, 1, 0, 0, 0, 0, 0]
accorder : [0, 0, 0, 1, 0, 0, 0, 0]
ici : [0, 0, 0, 1, 3, 3, 1, 0]
sent : [0, 0, 0, 0, 1, 0, 0, 0]
quelles : [0, 0, 0, 1, 0, 0, 0, 0]
n√©e : [0, 0, 0, 0, 0, 1, 0, 0]
instruire : [0, 0, 0, 0, 0, 0, 1, 0]
tentation : [0, 1, 0, 0, 0, 0, 0, 0]
immenses : [0, 1, 0, 0, 0, 0, 0, 0]
encadr√©es : [0, 0, 0, 1, 0, 0, 0, 0]
egaux : [0, 0, 1, 0, 0, 0, 0, 0]
appartiendra : [0, 0, 0, 0, 1, 0, 0, 0]
napol√©on : [0, 0, 0, 0, 0, 2, 0, 0]
replier : [0, 0, 0, 0, 1, 0, 0, 0]
affaiblira : [0, 0, 0, 0, 1, 0, 0, 0]
socialistes : [0, 0, 0, 0, 0, 0, 1, 0]
outre : [0, 1, 0, 1, 0, 0, 0, 0]
id√©es : [0, 0, 0, 0, 0, 0, 0, 2]
dialectique : [0, 0, 0, 0, 0, 0, 1, 0]
troubl√© : [0, 1, 0, 0, 0, 0, 0, 0]
former : [0, 0, 0, 0, 0, 0, 1, 0]
or√©e : [0, 0, 0, 0, 1, 0, 0, 0]
donnerons : [0, 0, 0, 0, 1, 0, 0, 0]
sauvegarde : [0, 1, 0, 0, 0, 0, 0, 0]
pens√© : [0, 0, 0, 0, 1, 0, 0, 0]
fatal : [0, 0, 0, 0, 0, 0, 0, 1]
jusqu : [0, 1, 0, 0, 0, 0, 0, 0]
√©nergie : [0, 0, 0, 0, 3, 0, 0, 0]
bas : [0, 0, 0, 0, 0, 0, 1, 0]
pr√©sidentielle : [1, 1, 0, 0, 1, 0, 0, 0]
mutation : [0, 0, 0, 0, 0, 0, 0, 1]
apporteront : [0, 0, 0, 0, 0, 0, 1, 0]
particulier : [0, 0, 1, 0, 0, 0, 0, 0]
inscrire : [0, 0, 0, 0, 0, 0, 0, 1]
tradition : [0, 0, 0, 0, 0, 2, 0, 0]
d√©s : [0, 0, 0, 1, 0, 0, 0, 0]
possibles : [1, 0, 0, 0, 0, 0, 0, 0]
initiatives : [0, 0, 1, 0, 0, 0, 0, 0]
1988 : [0, 0, 0, 0, 0, 0, 1, 0]
√©pris : [0, 0, 0, 0, 0, 0, 1, 0]
entreprises : [0, 0, 0, 0, 1, 0, 1, 0]
aujourd : [0, 1, 0, 0, 4, 1, 1, 1]
songe : [0, 0, 0, 0, 3, 0, 0, 0]
violemment : [0, 0, 0, 0, 1, 0, 0, 0]
dans : [2, 9, 6, 19, 14, 3, 5, 10]
cinq : [0, 1, 0, 0, 0, 0, 0, 0]
rayonner : [0, 0, 0, 0, 0, 0, 0, 1]
ville : [0, 0, 0, 0, 0, 7, 0, 0]
fiert√© : [0, 0, 0, 0, 1, 0, 0, 0]
du : [2, 8, 9, 9, 17, 7, 6, 7]
amour : [0, 0, 0, 0, 0, 0, 1, 1]
√©cout√©s : [0, 0, 0, 0, 1, 0, 0, 0]
voie : [0, 0, 0, 1, 0, 0, 0, 0]
bien : [1, 2, 0, 2, 3, 2, 0, 2]
exigence : [0, 3, 0, 0, 3, 0, 0, 12]
nous : [0, 0, 3, 10, 28, 2, 5, 1]
dangereux : [0, 0, 0, 0, 0, 0, 0, 1]
ressentent : [0, 1, 0, 0, 0, 0, 0, 0]
honneur : [0, 0, 1, 1, 1, 0, 0, 0]
souvent : [0, 0, 0, 0, 1, 1, 0, 0]
qu : [5, 4, 3, 4, 10, 9, 3, 8]
retrouv√©e : [0, 0, 0, 1, 0, 0, 0, 0]
√©nerg√©tique : [0, 0, 0, 1, 0, 0, 0, 0]
primordiale : [0, 1, 0, 0, 0, 0, 0, 0]
assumant : [1, 0, 0, 0, 0, 0, 0, 0]
certitude : [0, 0, 0, 0, 1, 0, 0, 0]
d√©fense : [0, 0, 0, 0, 1, 0, 0, 1]
uni : [0, 0, 1, 0, 0, 0, 0, 0]
respect√©e : [0, 1, 0, 0, 0, 0, 0, 0]
institutions : [1, 1, 0, 0, 2, 0, 1, 1]
firent : [0, 0, 0, 0, 0, 0, 0, 1]
conservatisme : [0, 0, 0, 0, 0, 0, 0, 1]
ressentais : [0, 0, 0, 0, 0, 1, 0, 0]
investissement : [0, 0, 0, 1, 0, 0, 0, 0]
vitale : [0, 0, 0, 1, 0, 0, 0, 0]
presidents : [0, 0, 2, 0, 0, 0, 0, 0]
republique : [0, 0, 2, 0, 0, 0, 0, 0]
exorbitantes : [0, 0, 0, 1, 0, 0, 0, 0]
militaire : [0, 1, 0, 0, 0, 0, 0, 0]
agir : [0, 2, 0, 0, 1, 0, 0, 0]
r√¥le : [0, 1, 0, 1, 1, 0, 1, 1]
projets : [0, 1, 0, 1, 0, 0, 0, 0]
ex√©cutif : [1, 0, 0, 0, 0, 0, 0, 0]
voici : [0, 0, 1, 0, 0, 0, 0, 0]
technologique : [0, 0, 0, 1, 0, 0, 0, 0]
continent : [0, 0, 0, 1, 0, 0, 0, 0]
tutelle : [0, 0, 0, 0, 0, 1, 0, 0]
lequel : [0, 0, 0, 1, 1, 0, 0, 0]
v¬úux : [0, 0, 0, 1, 0, 0, 0, 0]
diplomatique : [0, 0, 0, 0, 0, 0, 0, 1]
arbitrera : [1, 0, 0, 0, 0, 0, 0, 0]
des : [6, 16, 8, 18, 14, 11, 13, 5]
redonne : [0, 1, 0, 0, 0, 0, 0, 0]
√ : [11, 21, 0, 10, 21, 18, 14, 31]
√©v√©nement : [0, 0, 0, 0, 0, 0, 1, 0]
d√©passer : [0, 0, 0, 0, 1, 0, 0, 0]
pourquoi : [0, 0, 0, 0, 1, 0, 1, 0]
devenues : [0, 0, 0, 0, 0, 1, 0, 0]
d√©termination : [0, 1, 0, 0, 1, 0, 0, 1]
que : [7, 8, 4, 11, 17, 10, 8, 33]
temps : [1, 1, 1, 3, 5, 2, 0, 0]
a : [6, 3, 8, 10, 6, 7, 2, 22]
√©lev√© : [0, 0, 0, 1, 0, 0, 0, 0]
chercheurs : [0, 0, 0, 1, 0, 0, 0, 0]
regle : [0, 0, 1, 0, 0, 0, 0, 0]
national : [0, 1, 0, 1, 0, 0, 0, 0]
d√©mocratiser : [0, 0, 0, 0, 0, 0, 1, 0]
achever : [0, 0, 0, 0, 0, 0, 0, 1]
charles : [0, 0, 0, 1, 0, 0, 0, 0]
sociale : [0, 1, 0, 1, 0, 0, 1, 0]
travers : [0, 0, 0, 0, 0, 1, 0, 0]
xxi : [0, 0, 0, 0, 1, 0, 0, 0]
lutte : [0, 0, 0, 0, 0, 0, 0, 1]
13396203 : [0, 0, 1, 0, 0, 0, 0, 0]
instabilit√© : [0, 1, 0, 0, 0, 0, 0, 0]
massive : [0, 0, 0, 1, 0, 0, 0, 0]
d√©l√©t√®re : [0, 0, 0, 0, 1, 0, 0, 0]
satisfaction : [0, 0, 0, 1, 0, 0, 0, 0]
enfermer : [0, 0, 0, 0, 0, 0, 0, 1]
exclusion : [0, 0, 0, 0, 0, 0, 1, 0]
industrielle : [0, 0, 0, 0, 1, 0, 0, 0]
disposer : [0, 0, 0, 1, 0, 0, 0, 0]
dignit√© : [1, 0, 0, 2, 1, 0, 0, 2]
conduit : [0, 1, 0, 0, 0, 0, 0, 0]
sortir : [0, 0, 0, 1, 0, 0, 0, 0]
montre : [1, 0, 0, 0, 0, 0, 0, 0]
pr√©f√©rences : [0, 0, 0, 0, 0, 1, 0, 0]
fraternel : [0, 0, 1, 0, 0, 0, 0, 0]
d√©mographie : [0, 0, 0, 1, 0, 0, 0, 0]
hui : [0, 1, 0, 0, 4, 1, 1, 1]
int√©r√™t : [0, 2, 0, 1, 0, 0, 1, 1]
espoir : [0, 1, 0, 0, 1, 0, 0, 0]
empreinte : [1, 0, 0, 0, 0, 0, 0, 0]
prenante : [1, 0, 0, 0, 0, 0, 0, 0]
d√©terminer : [0, 0, 0, 1, 0, 0, 0, 0]
arm√©es : [0, 0, 0, 0, 1, 0, 0, 0]
sociaux : [0, 0, 0, 1, 0, 0, 0, 0]
signe : [1, 0, 0, 0, 0, 0, 0, 0]
nombreux : [0, 2, 0, 2, 0, 0, 0, 0]
officiellement : [0, 0, 0, 0, 0, 0, 0, 1]
lesquelles : [0, 0, 0, 0, 1, 0, 0, 0]
pour : [5, 14, 4, 15, 18, 5, 3, 14]
conflits : [0, 1, 0, 0, 0, 0, 0, 0]
jacques : [0, 0, 1, 1, 1, 2, 0, 1]
corps : [0, 0, 0, 0, 1, 0, 0, 0]
ans : [1, 0, 0, 0, 0, 1, 0, 1]
humbles : [0, 0, 0, 0, 0, 0, 0, 1]
devenait : [0, 0, 0, 0, 0, 0, 0, 1]
affaibli : [0, 0, 0, 0, 1, 0, 0, 0]
lettre : [1, 0, 0, 0, 0, 0, 0, 0]
loyaut√© : [0, 0, 0, 1, 0, 0, 0, 0]
locale : [0, 0, 0, 1, 0, 0, 0, 0]
chapitre : [0, 0, 0, 0, 1, 0, 0, 0]
comment : [0, 0, 0, 0, 0, 0, 0, 1]
√©preuves : [0, 0, 0, 1, 0, 0, 0, 2]
blanches : [0, 0, 1, 0, 0, 0, 0, 0]
vivions : [0, 0, 0, 1, 0, 0, 0, 0]
dialogue : [0, 1, 0, 0, 0, 0, 1, 0]
construit : [0, 0, 0, 0, 1, 0, 0, 0]
lasser : [0, 0, 0, 0, 0, 0, 1, 0]
quitter : [0, 0, 0, 0, 1, 0, 0, 0]
r√©tablissement : [0, 1, 0, 0, 0, 0, 0, 0]
realite : [0, 0, 1, 0, 0, 0, 0, 0]
fort : [0, 0, 0, 0, 0, 0, 0, 2]
magistrature : [0, 0, 0, 0, 0, 0, 1, 0]
fit : [0, 0, 0, 2, 1, 0, 0, 0]
encore : [0, 2, 1, 0, 0, 2, 1, 0]
longtemps : [0, 0, 0, 0, 1, 0, 0, 1]
pr√©server : [0, 0, 0, 0, 0, 0, 0, 1]
ind√©pendante : [1, 0, 0, 0, 0, 0, 0, 0]
commence : [2, 0, 0, 0, 0, 0, 0, 0]
sauva : [0, 0, 0, 0, 0, 0, 0, 1]
participe : [0, 1, 0, 0, 0, 0, 0, 0]
conduirons : [0, 0, 1, 0, 0, 0, 0, 0]
engag√©e : [0, 0, 0, 1, 0, 0, 0, 0]
restera : [0, 0, 0, 0, 0, 1, 0, 0]
r√©pondre : [0, 1, 0, 0, 0, 1, 0, 0]
moins : [0, 0, 1, 1, 0, 1, 0, 0]
lib√©r√©e : [0, 0, 0, 0, 0, 2, 0, 0]
r√©invent√© : [0, 0, 0, 0, 1, 0, 0, 0]
communes : [0, 0, 0, 0, 0, 1, 0, 0]
l√ : [0, 0, 0, 0, 3, 2, 2, 0]
d√©passent : [0, 0, 0, 0, 0, 1, 0, 0]
comportements : [0, 0, 0, 1, 0, 0, 0, 1]
terre : [0, 0, 0, 0, 0, 0, 1, 0]
le√ßon : [0, 0, 0, 0, 0, 0, 1, 0]
exigeant : [0, 0, 0, 0, 1, 0, 0, 0]
ve : [0, 0, 0, 0, 0, 0, 0, 1]
profit : [0, 0, 0, 1, 0, 0, 0, 0]
battrai : [0, 0, 0, 0, 0, 0, 0, 1]
personnellement : [0, 1, 0, 0, 0, 0, 0, 0]
enracin√©e : [0, 1, 0, 0, 0, 0, 0, 0]
chance : [0, 0, 0, 1, 0, 0, 0, 0]
r√©chauffement : [0, 0, 0, 0, 0, 0, 0, 1]
morale : [0, 0, 0, 0, 0, 0, 0, 1]
acc√®s : [0, 1, 0, 0, 0, 0, 0, 0]
√©cologique : [0, 0, 0, 1, 0, 0, 0, 1]
constamment : [0, 2, 0, 0, 0, 0, 0, 0]
richesse : [0, 0, 0, 1, 0, 0, 0, 0]
forg√©e : [0, 1, 0, 0, 0, 0, 0, 0]
fid√©lit√© : [1, 0, 0, 0, 0, 0, 0, 0]
√©lites : [0, 0, 0, 0, 1, 0, 0, 0]
ensemble : [0, 0, 1, 1, 4, 0, 1, 0]
jeunesse : [0, 0, 1, 2, 1, 0, 2, 0]
transition : [0, 0, 0, 1, 0, 0, 0, 0]
ceci : [0, 0, 3, 0, 0, 0, 0, 0]
comme : [1, 3, 2, 3, 1, 5, 0, 0]
pr√©servera : [1, 0, 0, 0, 0, 0, 0, 0]
l√©gitime : [0, 1, 0, 0, 0, 0, 0, 0]
abattue : [0, 0, 0, 0, 0, 1, 0, 0]
imposent : [0, 1, 0, 0, 0, 0, 0, 0]
affirmer : [0, 1, 0, 0, 1, 1, 0, 0]
restaurer : [1, 0, 0, 0, 0, 0, 0, 0]
na√Ætre : [0, 0, 0, 0, 1, 0, 0, 0]
conc√©d√© : [0, 0, 0, 0, 1, 0, 0, 0]
placer : [1, 0, 0, 0, 0, 0, 0, 0]
soutenir : [0, 1, 0, 0, 0, 0, 0, 0]
aussi : [3, 1, 0, 4, 0, 1, 1, 11]
m√©tropole : [0, 1, 0, 0, 0, 0, 0, 0]
jeunes : [0, 0, 2, 1, 0, 0, 0, 0]
sobri√©t√© : [0, 0, 0, 1, 0, 0, 0, 0]
pouvoir : [0, 0, 0, 1, 2, 2, 0, 0]
singuli√®re : [0, 0, 0, 1, 0, 0, 0, 0]
exercice : [0, 2, 0, 0, 0, 0, 0, 0]
territoires : [0, 0, 0, 2, 0, 0, 0, 0]
d√©cennies : [0, 0, 0, 0, 3, 0, 0, 0]
d√©positaire : [1, 0, 0, 0, 0, 0, 0, 0]
oublions : [0, 0, 0, 0, 0, 1, 0, 0]
propre : [0, 0, 0, 0, 0, 0, 1, 0]
confier : [0, 1, 0, 0, 0, 0, 0, 0]
remettre : [0, 0, 0, 1, 0, 0, 0, 0]
tirer : [0, 0, 0, 0, 0, 0, 1, 0]
service : [0, 2, 0, 2, 0, 0, 0, 1]
notre : [3, 4, 0, 10, 15, 3, 2, 2]
conna√Æt : [0, 0, 0, 0, 0, 0, 1, 0]
guid√© : [0, 0, 0, 0, 1, 0, 0, 0]
sept : [0, 0, 0, 0, 0, 0, 1, 0]
d√©couvrir : [1, 0, 0, 0, 0, 0, 0, 0]
o√π : [1, 1, 0, 3, 2, 1, 0, 4]
emplit : [0, 0, 0, 0, 1, 0, 0, 0]
lui : [1, 0, 2, 5, 2, 4, 1, 2]
irrattrapable : [0, 0, 0, 0, 0, 0, 0, 1]
d√©cid√© : [1, 0, 0, 0, 0, 0, 0, 0]
jeune : [1, 0, 0, 0, 0, 0, 0, 0]
assurera : [1, 0, 0, 0, 0, 0, 0, 0]
indispensable : [0, 0, 0, 2, 1, 0, 0, 0]
r√©sistance : [0, 0, 0, 0, 0, 1, 0, 0]
√©treint : [0, 0, 0, 0, 0, 1, 0, 0]
convie : [0, 0, 0, 0, 0, 0, 1, 0]
particuli√®rement : [0, 1, 0, 0, 0, 0, 0, 0]
garant : [2, 2, 0, 0, 0, 0, 0, 0]
parvenu : [0, 0, 0, 1, 0, 0, 0, 0]
r√©fugier : [0, 0, 0, 0, 1, 0, 0, 0]
voisins : [0, 0, 0, 0, 1, 0, 0, 0]
fonction : [0, 2, 0, 1, 0, 0, 0, 0]
heure : [0, 0, 0, 0, 1, 0, 0, 0]
paraphrase : [0, 0, 0, 0, 0, 0, 1, 0]
devant : [0, 0, 0, 1, 0, 1, 1, 0]
va : [0, 1, 0, 0, 1, 0, 0, 1]
justice : [1, 1, 0, 6, 0, 1, 1, 2]
prendre : [0, 0, 0, 0, 0, 0, 1, 1]
faisons : [0, 0, 0, 1, 0, 0, 0, 0]
absolutisme : [0, 0, 0, 0, 0, 1, 0, 0]
avenir : [1, 0, 1, 1, 3, 1, 1, 3]
guide : [0, 1, 0, 0, 0, 0, 0, 0]
efficacit√© : [0, 0, 0, 0, 1, 0, 0, 1]
accompagne : [0, 0, 0, 0, 1, 0, 0, 0]
meilleur : [1, 0, 0, 0, 0, 0, 0, 1]
influence : [0, 1, 0, 0, 0, 0, 0, 0]
repli : [0, 0, 0, 1, 0, 0, 0, 0]
rumeur : [0, 0, 1, 0, 0, 1, 0, 0]
d√©sastre : [0, 0, 0, 0, 0, 0, 0, 1]
pers√©v√©rer : [0, 0, 0, 0, 0, 0, 1, 0]
apaisement : [0, 0, 0, 1, 0, 0, 0, 0]
imminence : [0, 0, 0, 0, 0, 0, 0, 1]
universelles : [0, 0, 0, 0, 0, 0, 0, 1]
accro√Ætre : [0, 1, 0, 0, 0, 0, 1, 0]
m√©tiers : [0, 0, 0, 0, 0, 0, 1, 0]
pertinente : [0, 0, 0, 0, 1, 0, 0, 0]
solidarit√© : [1, 5, 0, 1, 2, 0, 2, 0]
face : [0, 1, 0, 1, 1, 3, 0, 0]
souhaits : [0, 0, 0, 0, 0, 1, 0, 0]
esp√©r√© : [1, 0, 0, 0, 0, 0, 0, 0]
responsabilit√©s : [0, 0, 0, 1, 1, 0, 0, 0]
instant : [0, 0, 0, 1, 0, 2, 0, 1]
contr√¥lera : [1, 0, 0, 0, 0, 0, 0, 0]
repr√©sentants : [0, 0, 0, 1, 0, 0, 0, 0]
mers : [0, 0, 0, 1, 0, 0, 0, 0]
prosp√®re : [0, 0, 0, 0, 1, 0, 0, 0]
suffrage : [0, 0, 0, 0, 0, 2, 0, 0]
sur : [0, 4, 0, 2, 6, 1, 8, 1]
fais : [1, 0, 0, 0, 0, 0, 0, 0]
francois : [0, 0, 1, 0, 0, 0, 0, 0]
pr√©curseur : [0, 0, 0, 0, 1, 0, 0, 0]
international : [0, 1, 0, 0, 0, 0, 0, 0]
donn√© : [0, 1, 0, 0, 0, 0, 1, 0]
publics : [0, 0, 0, 2, 0, 0, 0, 0]
accompagnement : [0, 1, 0, 1, 0, 0, 0, 0]
personnel : [1, 0, 0, 0, 0, 0, 0, 0]
d√©cider : [0, 0, 0, 0, 2, 0, 0, 1]
vite : [0, 0, 0, 0, 0, 0, 0, 2]
normales : [0, 0, 0, 0, 0, 0, 1, 0]
rente : [0, 0, 0, 1, 0, 0, 0, 0]
avait : [1, 0, 0, 0, 2, 1, 0, 0]
ind√©pendance : [1, 0, 0, 1, 0, 0, 0, 1]
fait : [0, 0, 1, 1, 3, 3, 1, 1]
profond√©ment : [0, 0, 0, 0, 0, 0, 1, 0]
r√©publicain : [1, 0, 0, 0, 0, 0, 0, 0]
d√©ciderai : [0, 0, 0, 1, 0, 0, 0, 0]
partisans : [0, 1, 0, 0, 0, 0, 1, 0]
√©cole : [0, 1, 0, 1, 0, 0, 0, 0]
seigneur : [0, 0, 0, 0, 0, 1, 0, 0]
diversit√© : [0, 1, 0, 0, 0, 0, 0, 0]
inspirent : [0, 1, 0, 0, 0, 0, 0, 0]
forge : [0, 0, 0, 0, 1, 0, 0, 0]
universalit√© : [1, 0, 0, 1, 0, 0, 0, 0]
volontaire : [0, 0, 0, 0, 0, 0, 1, 0]
jour : [1, 0, 1, 2, 0, 1, 2, 1]
1974 : [0, 0, 1, 0, 0, 0, 0, 0]
reconnaissance : [0, 0, 0, 1, 0, 0, 0, 0]
mon : [1, 2, 0, 2, 4, 0, 2, 0]
cours : [0, 0, 0, 0, 2, 0, 0, 0]
conscient : [0, 0, 0, 0, 1, 0, 0, 0]
pr√™te : [1, 0, 0, 0, 0, 0, 0, 0]
victoire : [2, 0, 0, 0, 0, 0, 1, 1]
preference : [0, 0, 1, 0, 0, 0, 0, 0]
seront : [0, 1, 0, 4, 3, 0, 0, 0]
haut : [0, 0, 0, 0, 1, 0, 0, 0]
sa : [3, 3, 3, 3, 3, 0, 0, 5]
prot√©g√©s : [0, 0, 0, 0, 1, 0, 0, 0]
irruption : [0, 1, 0, 0, 0, 0, 0, 0]
au : [0, 4, 0, 2, 8, 6, 6, 8]
violence : [0, 0, 0, 0, 0, 0, 0, 1]
chacune : [0, 0, 0, 0, 0, 1, 0, 0]
maire : [0, 0, 0, 0, 0, 5, 0, 0]
victimes : [0, 1, 0, 0, 0, 0, 0, 0]
missions : [1, 0, 0, 0, 0, 0, 0, 0]
partie : [1, 0, 0, 0, 0, 0, 0, 0]
une : [9, 19, 2, 17, 14, 3, 4, 5]
agisse : [0, 0, 1, 0, 1, 0, 0, 0]
restant : [0, 0, 0, 1, 0, 0, 0, 0]
renouveau : [0, 1, 0, 0, 0, 0, 0, 0]
comptant : [0, 0, 0, 0, 1, 0, 0, 0]
pass√© : [0, 0, 0, 0, 1, 0, 1, 1]
lumi√®res : [0, 0, 0, 0, 1, 1, 0, 0]
portera : [0, 0, 0, 0, 1, 0, 0, 0]
referm√©e : [0, 0, 0, 0, 0, 0, 1, 0]
jours : [0, 0, 0, 0, 0, 2, 0, 0]
douze : [0, 0, 0, 0, 0, 0, 0, 1]
injustice : [0, 0, 0, 0, 0, 0, 0, 1]
mettent : [0, 0, 0, 0, 0, 0, 0, 1]
enjeux : [1, 0, 0, 0, 0, 0, 1, 0]
oublier : [0, 0, 0, 1, 0, 0, 0, 1]
esp√©rance : [1, 0, 0, 0, 0, 0, 1, 1]
reconna√Æt : [0, 1, 0, 0, 0, 0, 0, 0]
attachement : [0, 1, 0, 1, 0, 0, 1, 0]
fortifi√© : [0, 0, 0, 0, 1, 0, 0, 0]
quinquennat : [0, 1, 0, 0, 0, 0, 0, 0]
gouvernements : [0, 1, 0, 0, 0, 0, 0, 0]
m√©diterran√©e : [0, 0, 0, 0, 0, 0, 0, 1]
question : [0, 0, 0, 0, 0, 0, 1, 0]
ouvertes : [1, 0, 0, 0, 0, 0, 0, 0]
salut : [0, 0, 1, 0, 0, 0, 0, 0]
louis : [0, 0, 0, 0, 0, 1, 0, 0]
democratique : [0, 0, 1, 0, 0, 0, 0, 0]
pays : [2, 2, 0, 5, 4, 1, 2, 3]
th√®me : [0, 0, 0, 0, 0, 0, 1, 0]
pris : [0, 0, 0, 0, 1, 1, 0, 0]
gu√©rir : [0, 0, 0, 0, 0, 0, 1, 0]
professionnelle : [0, 0, 0, 1, 0, 0, 0, 0]
plan√®te : [0, 1, 0, 1, 0, 0, 1, 0]
avaient : [0, 0, 1, 0, 0, 1, 0, 0]
clairvoyants : [0, 0, 0, 0, 1, 0, 0, 0]
auxquels : [0, 0, 0, 0, 0, 0, 0, 1]
intime : [0, 0, 0, 0, 1, 0, 0, 0]
unit : [0, 1, 0, 0, 0, 0, 0, 0]
avant : [0, 0, 0, 4, 0, 0, 1, 0]
travers√© : [0, 0, 0, 0, 0, 0, 0, 1]
totalite : [0, 0, 1, 0, 0, 0, 0, 0]
ch√¥mage : [0, 0, 0, 1, 0, 0, 0, 0]
suivre : [1, 0, 0, 0, 0, 0, 0, 0]
tout : [2, 1, 0, 1, 7, 1, 2, 1]
roi : [0, 0, 0, 0, 0, 1, 0, 0]
d√©tient : [0, 1, 0, 0, 0, 0, 0, 0]
premier : [0, 2, 1, 0, 1, 1, 0, 0]
√âtat : [0, 0, 0, 1, 0, 0, 0, 0]
inapte : [0, 0, 0, 0, 0, 0, 1, 0]
foi : [0, 0, 0, 0, 1, 0, 0, 1]
solidaires : [1, 0, 0, 0, 0, 0, 0, 0]
communaut√© : [0, 2, 0, 1, 0, 0, 1, 0]
voies : [1, 0, 0, 0, 0, 0, 0, 0]
entreprise : [0, 0, 0, 0, 0, 0, 1, 0]
destin : [1, 1, 0, 1, 2, 0, 0, 0]
pr√©sentaient : [0, 0, 0, 1, 0, 0, 0, 0]
del√ : [0, 1, 0, 0, 0, 1, 1, 0]
r√©ponde : [0, 1, 0, 0, 0, 0, 0, 0]
dettes : [0, 0, 0, 1, 0, 0, 0, 0]
exemple : [0, 0, 0, 0, 1, 0, 0, 0]
entier : [0, 0, 0, 0, 2, 1, 1, 0]
dos : [0, 0, 0, 0, 1, 0, 0, 0]
rien : [0, 0, 0, 0, 5, 2, 0, 1]
parole : [0, 0, 0, 0, 1, 1, 0, 1]
avons : [0, 0, 0, 0, 3, 0, 1, 1]
trop : [0, 0, 0, 0, 2, 0, 1, 1]
aiment : [0, 0, 0, 0, 0, 0, 0, 1]
fran√ßais : [5, 9, 0, 4, 17, 1, 3, 11]
garanties : [0, 0, 0, 1, 0, 0, 0, 0]
durant : [0, 0, 0, 0, 0, 0, 0, 1]
embrasser : [0, 0, 0, 0, 1, 0, 0, 0]
serai : [1, 0, 0, 0, 1, 0, 0, 0]
pr√©servation : [0, 0, 0, 1, 0, 0, 0, 0]
d√©sormais : [0, 0, 0, 0, 1, 0, 0, 1]
agriculteurs : [0, 0, 0, 1, 0, 0, 0, 0]
conseil : [0, 1, 0, 0, 0, 2, 1, 0]
aspiraient : [0, 0, 1, 0, 0, 0, 0, 0]
nouveau : [1, 1, 1, 1, 0, 0, 1, 0]
excellence : [0, 0, 0, 1, 0, 0, 0, 0]
renforc√©e : [0, 1, 0, 0, 1, 0, 0, 0]
chemin : [0, 0, 0, 0, 0, 0, 1, 0]
crise : [0, 0, 0, 2, 2, 0, 0, 1]
parler : [0, 0, 0, 0, 0, 4, 0, 0]
comp√©tences : [1, 0, 0, 0, 0, 0, 0, 1]
justesse : [0, 0, 0, 0, 0, 0, 1, 0]
pr√©tentions : [0, 0, 0, 0, 1, 0, 0, 0]
synonyme : [0, 1, 0, 0, 0, 0, 0, 0]
conscience : [0, 0, 0, 0, 0, 0, 0, 2]
exceptionnelles : [0, 0, 0, 1, 0, 0, 0, 0]
d√©mocratique : [0, 0, 0, 0, 3, 0, 0, 0]
mondial : [0, 0, 0, 0, 1, 0, 0, 0]
protecteur : [1, 0, 0, 0, 0, 0, 0, 0]
coeur : [0, 0, 0, 0, 1, 1, 1, 0]
agissent : [0, 1, 0, 0, 0, 0, 0, 0]
conviction : [0, 0, 0, 0, 0, 0, 0, 1]
si : [0, 0, 2, 1, 5, 3, 4, 3]
rompre : [0, 0, 0, 0, 1, 0, 0, 1]
espaces : [0, 0, 0, 1, 0, 0, 0, 0]
peut : [0, 1, 0, 1, 3, 4, 0, 1]
avez : [0, 0, 0, 0, 1, 1, 0, 0]
ext√©rieur : [1, 0, 0, 0, 0, 0, 0, 0]
fran√ßois : [1, 0, 0, 1, 2, 0, 0, 1]
celles : [0, 0, 0, 1, 0, 0, 0, 0]
int√©r√™ts : [1, 2, 0, 1, 1, 0, 1, 0]
mourir : [0, 0, 0, 0, 0, 0, 0, 1]
lesquels : [0, 2, 0, 0, 0, 0, 0, 0]
principe : [0, 0, 0, 1, 0, 0, 1, 0]
oeuvre : [0, 0, 0, 0, 3, 0, 0, 0]
t√™te : [0, 0, 0, 0, 0, 1, 0, 0]
combattue : [0, 0, 0, 0, 0, 1, 0, 0]
chances : [0, 1, 0, 0, 0, 0, 1, 0]
r√©affirmerai : [0, 0, 0, 1, 0, 0, 0, 0]
r√©partition : [0, 0, 0, 1, 0, 0, 0, 0]
remercie : [0, 0, 0, 0, 0, 1, 0, 0]
faible : [0, 0, 0, 1, 0, 0, 0, 0]
doivent : [0, 0, 0, 1, 2, 0, 0, 0]
devra : [0, 1, 0, 0, 0, 0, 0, 1]
redresser : [0, 0, 0, 1, 1, 0, 0, 0]
d√©fendre : [0, 0, 0, 1, 1, 0, 0, 0]
semble : [0, 0, 0, 0, 1, 0, 0, 0]
les : [12, 26, 3, 25, 33, 6, 12, 30]
volont√©s : [0, 0, 0, 0, 0, 0, 0, 1]
pleinement : [1, 1, 1, 2, 1, 0, 0, 0]
chirac : [0, 0, 0, 1, 1, 2, 0, 1]
souhaite : [0, 0, 0, 0, 0, 0, 1, 0]
r√©alis√© : [1, 0, 0, 0, 0, 0, 0, 0]
brouill√©s : [0, 1, 0, 0, 0, 0, 0, 0]
appliquerai : [0, 0, 0, 0, 0, 0, 1, 0]
volont√© : [2, 1, 0, 2, 2, 2, 1, 2]
entreprendre : [0, 1, 1, 0, 0, 0, 0, 0]
rendu : [0, 0, 0, 0, 1, 0, 0, 0]
vitalit√© : [0, 0, 0, 1, 1, 1, 0, 0]
techniques : [0, 0, 0, 0, 0, 0, 1, 0]
associations : [0, 0, 0, 1, 0, 0, 0, 0]
renforcement : [0, 1, 0, 0, 0, 0, 0, 0]
d√©fi : [0, 0, 0, 0, 1, 0, 0, 0]
se : [3, 2, 1, 2, 9, 1, 1, 2]
poserai : [0, 0, 0, 0, 0, 0, 1, 0]
impatience : [0, 0, 0, 1, 0, 0, 0, 0]
restaurerait : [0, 0, 0, 0, 1, 0, 0, 0]
haute : [1, 0, 0, 2, 0, 0, 0, 0]
essentielles : [1, 0, 0, 0, 0, 0, 0, 0]
municipal : [0, 0, 0, 0, 0, 3, 0, 0]
appartient : [0, 0, 0, 1, 1, 0, 1, 0]
peine : [0, 0, 0, 1, 0, 0, 0, 0]
percluse : [0, 0, 0, 0, 1, 0, 0, 0]
d√©favoris√©s : [0, 0, 0, 0, 1, 0, 0, 0]
civiques : [0, 1, 0, 1, 0, 0, 0, 0]
feront : [0, 0, 0, 0, 1, 0, 0, 0]
sentiment : [0, 0, 0, 0, 0, 0, 0, 3]
solennel : [0, 0, 0, 0, 0, 0, 0, 1]
7 : [1, 0, 0, 0, 3, 0, 0, 0]
entrepreneurs : [0, 0, 0, 1, 0, 0, 0, 0]
vive : [2, 2, 0, 2, 0, 2, 2, 2]
d√©class√©s : [0, 0, 0, 0, 1, 0, 0, 0]
confrontations : [0, 0, 0, 0, 0, 1, 0, 0]
privil√®ges : [0, 0, 0, 1, 0, 0, 0, 0]
marqua : [0, 0, 0, 1, 0, 0, 0, 0]
quelle : [0, 0, 0, 0, 0, 0, 1, 0]
discernement : [0, 0, 0, 0, 1, 0, 0, 0]
fragile : [0, 0, 0, 0, 0, 0, 0, 1]
souvenir : [0, 0, 0, 0, 0, 1, 0, 0]
√¢pret√© : [0, 0, 0, 0, 0, 1, 0, 0]
contribuer : [0, 1, 0, 2, 0, 0, 0, 1]
h√©las : [0, 1, 0, 0, 0, 0, 0, 0]
enti√®re : [0, 0, 0, 0, 0, 0, 1, 0]
frapp√© : [0, 0, 0, 0, 2, 0, 0, 0]
pendant : [0, 0, 0, 0, 0, 0, 0, 1]
sp√©culation : [0, 0, 0, 1, 0, 0, 0, 0]
eh : [0, 0, 0, 0, 0, 0, 0, 1]
attend : [0, 0, 0, 0, 2, 0, 0, 0]
impartial : [1, 0, 0, 1, 0, 0, 0, 0]
doute : [0, 0, 0, 0, 2, 0, 0, 0]
exaltante : [0, 0, 0, 0, 1, 0, 0, 0]
libert√© : [0, 3, 0, 2, 4, 1, 2, 0]
abordons : [0, 0, 1, 0, 0, 0, 0, 0]
d√©cide : [0, 0, 0, 0, 0, 0, 0, 1]
engagement : [0, 2, 0, 1, 0, 0, 0, 0]
religieuses : [0, 0, 0, 0, 1, 0, 0, 0]
parcourent : [0, 0, 0, 0, 1, 0, 0, 0]
√©quilibr√©e : [1, 0, 0, 0, 0, 0, 0, 0]
plus : [9, 2, 0, 3, 8, 2, 3, 7]
combat : [0, 2, 0, 0, 1, 0, 0, 0]
croissance : [0, 0, 0, 2, 0, 0, 0, 0]
ont : [0, 4, 1, 2, 12, 1, 1, 9]
retrouver : [0, 0, 0, 0, 2, 0, 0, 1]
r√©p√©tons : [0, 0, 0, 0, 0, 0, 1, 0]
pr√©sidents : [1, 0, 0, 0, 0, 0, 0, 1]
sont : [1, 4, 1, 1, 2, 3, 0, 4]
√©troitesse : [1, 0, 0, 0, 0, 0, 0, 0]
europ√©en : [0, 1, 0, 0, 1, 0, 0, 0]
ferons : [0, 0, 1, 0, 0, 0, 0, 0]
nation : [3, 4, 0, 3, 2, 0, 1, 0]
mener : [0, 0, 0, 0, 1, 0, 0, 0]
c√©d√© : [0, 0, 0, 0, 0, 0, 0, 1]
ce : [2, 7, 2, 4, 17, 3, 4, 6]
vicissitudes : [0, 0, 0, 0, 0, 0, 1, 0]
profondes : [0, 0, 0, 0, 1, 0, 0, 0]
autorit√© : [0, 1, 0, 0, 0, 0, 0, 3]
ses : [6, 4, 3, 6, 3, 3, 6, 0]
r√©ponse : [0, 0, 0, 0, 1, 0, 1, 0]
intol√©rance : [0, 0, 0, 0, 0, 0, 0, 1]
pr√©sents : [0, 1, 0, 0, 0, 0, 0, 0]
monde : [1, 5, 0, 6, 17, 2, 2, 5]
ils : [0, 5, 0, 1, 11, 0, 0, 1]
devoir : [0, 0, 0, 1, 0, 1, 1, 0]
prot√®ge : [0, 0, 0, 0, 1, 0, 0, 1]
soient : [0, 1, 0, 1, 2, 0, 0, 0]
homme : [0, 1, 0, 1, 1, 1, 0, 1]
vaut : [0, 0, 0, 0, 0, 0, 1, 0]
s√ªre : [0, 0, 0, 0, 1, 0, 0, 0]
hugo : [0, 0, 0, 0, 0, 1, 0, 0]
meilleure : [0, 1, 0, 0, 0, 0, 0, 0]
demain : [0, 0, 0, 0, 0, 0, 1, 0]
tenons : [0, 0, 0, 0, 1, 0, 0, 0]
sarkozy : [0, 0, 0, 1, 1, 0, 0, 0]
concert : [0, 0, 0, 0, 1, 0, 0, 0]
sien : [0, 0, 0, 0, 0, 0, 0, 1]
rep√®res : [0, 1, 0, 0, 0, 0, 0, 1]
emp√™ch√©e : [0, 0, 0, 0, 1, 0, 0, 0]
innovation : [0, 0, 0, 1, 1, 0, 0, 0]
orientations : [1, 0, 0, 0, 0, 0, 0, 0]
ch√¢teau : [0, 0, 0, 0, 0, 1, 0, 0]
ordre : [0, 1, 0, 0, 1, 0, 0, 2]
femmes : [1, 1, 2, 1, 0, 1, 0, 1]
fera : [1, 0, 0, 0, 1, 1, 0, 0]
d√©terminera : [0, 0, 0, 1, 0, 0, 0, 0]
√©conomies : [0, 2, 0, 0, 0, 0, 0, 0]
belle : [0, 0, 0, 1, 0, 0, 0, 0]
respecter : [0, 0, 0, 0, 0, 0, 0, 1]
locales : [0, 1, 0, 0, 0, 0, 0, 0]
celui : [0, 0, 0, 0, 0, 1, 0, 0]
mai : [1, 0, 1, 1, 3, 0, 2, 2]
vivront : [0, 0, 0, 0, 1, 0, 0, 0]
r√©compenser : [0, 0, 0, 1, 0, 0, 0, 0]
belles : [0, 0, 0, 0, 1, 0, 0, 0]
ministre : [0, 1, 0, 0, 0, 0, 0, 0]
georges : [0, 0, 0, 1, 1, 0, 0, 1]
majeure : [0, 1, 0, 0, 1, 0, 0, 0]
versailles : [0, 0, 0, 0, 0, 1, 0, 0]
√©branl√©e : [0, 0, 0, 0, 0, 0, 0, 1]
citoyens : [1, 0, 0, 0, 1, 0, 0, 0]
ruraux : [0, 0, 0, 1, 0, 0, 0, 0]
g√©n√©rations : [0, 0, 0, 0, 2, 0, 0, 1]
v√©cu : [0, 0, 0, 0, 0, 1, 0, 0]
autour : [0, 0, 0, 1, 0, 0, 0, 0]
mesure : [0, 1, 1, 1, 1, 1, 0, 0]
c : [0, 6, 1, 7, 4, 4, 3, 0]
√©couler : [1, 0, 0, 0, 0, 0, 0, 0]
agents : [0, 0, 0, 1, 0, 0, 0, 0]
guerre : [0, 0, 0, 0, 1, 1, 0, 0]
millions : [0, 0, 0, 1, 0, 0, 1, 0]
accepte : [0, 0, 1, 0, 0, 0, 0, 0]
base : [0, 0, 0, 0, 0, 0, 1, 0]
unie : [1, 0, 0, 0, 0, 0, 0, 1]
torches : [0, 0, 1, 0, 0, 0, 0, 0]
tache : [0, 0, 1, 0, 0, 0, 0, 0]
entr√¢t : [0, 0, 0, 0, 0, 0, 0, 1]
impartialit√© : [0, 0, 0, 0, 0, 0, 0, 1]
depuis : [0, 2, 0, 0, 2, 2, 1, 1]
naturelles : [0, 1, 0, 0, 0, 0, 0, 0]
tares : [0, 0, 0, 0, 0, 0, 1, 0]
seuls : [0, 0, 0, 1, 0, 0, 0, 0]
angoisses : [0, 0, 0, 0, 1, 0, 0, 0]
grande : [0, 2, 0, 1, 1, 0, 0, 1]
re√ßu : [0, 0, 0, 2, 0, 0, 0, 0]
g√©n√©rosit√© : [1, 0, 0, 0, 0, 0, 0, 0]
volonte : [0, 0, 1, 0, 0, 0, 0, 0]
√¢ge : [0, 0, 0, 1, 0, 0, 0, 0]
lourde : [0, 0, 0, 0, 0, 0, 0, 2]
abaissement : [0, 0, 0, 1, 0, 0, 0, 0]
autre : [3, 1, 0, 1, 0, 1, 2, 0]
6 : [0, 0, 0, 1, 0, 0, 0, 2]
25 : [0, 0, 0, 0, 0, 2, 0, 0]
trouv√©s : [0, 1, 0, 0, 0, 0, 0, 0]
foule : [0, 0, 0, 0, 0, 1, 0, 0]
ecoute : [0, 0, 1, 0, 0, 0, 0, 0]
devaient : [0, 0, 0, 0, 0, 1, 0, 0]
dates : [0, 0, 0, 0, 0, 1, 0, 0]
issue : [1, 0, 0, 0, 0, 0, 0, 0]
r√©mun√©rations : [0, 0, 0, 1, 0, 0, 0, 0]
activit√© : [0, 1, 0, 0, 0, 0, 0, 0]
affirme : [0, 0, 0, 1, 0, 1, 0, 0]
prestige : [0, 0, 0, 1, 0, 0, 0, 0]
vigueur : [0, 0, 0, 0, 1, 0, 0, 0]
t√©moign√©e : [0, 0, 0, 0, 1, 0, 0, 0]
l√©gitimes : [0, 0, 0, 0, 0, 1, 0, 0]
dis : [0, 0, 0, 0, 0, 0, 1, 1]
enfants : [0, 1, 0, 0, 0, 0, 0, 0]
rappel√© : [0, 0, 0, 0, 1, 0, 0, 0]
bonaparte : [0, 0, 0, 0, 0, 1, 0, 0]
universelle : [0, 1, 0, 0, 0, 0, 0, 0]
encourag√©e : [0, 0, 0, 0, 1, 0, 0, 0]
maniere : [0, 0, 1, 0, 0, 0, 0, 0]
vieux : [1, 0, 0, 0, 0, 1, 0, 1]
pr√©valoir : [0, 0, 0, 0, 0, 0, 1, 0]
disposera : [0, 0, 0, 1, 0, 0, 0, 0]
passion : [0, 0, 0, 0, 0, 0, 0, 1]
accompagner : [0, 1, 0, 0, 0, 0, 0, 0]
pompidou : [0, 0, 0, 1, 1, 0, 0, 1]
aspiration : [0, 0, 0, 0, 0, 1, 0, 0]
pr√©fecture : [0, 0, 0, 0, 0, 1, 0, 0]
sommes : [0, 0, 0, 2, 4, 0, 1, 0]
frappe : [0, 0, 0, 1, 1, 0, 0, 0]
cot√©s : [0, 0, 0, 1, 0, 0, 0, 0]
droit : [0, 0, 0, 0, 1, 0, 0, 1]
mots : [0, 0, 0, 0, 0, 1, 1, 0]
anim√©s : [0, 0, 0, 0, 0, 0, 0, 1]
fondateur : [1, 0, 0, 0, 0, 0, 0, 0]
ai : [0, 2, 0, 1, 1, 3, 0, 2]
ratifi√© : [0, 0, 0, 0, 0, 0, 1, 0]
identit√© : [0, 0, 0, 0, 0, 0, 0, 2]
√©chec : [0, 1, 0, 0, 0, 0, 0, 0]
immense : [0, 0, 1, 0, 2, 0, 1, 0]
morales : [0, 0, 0, 0, 1, 0, 0, 0]
exprime : [0, 1, 0, 0, 0, 0, 0, 0]
instrument : [0, 0, 0, 0, 1, 0, 0, 0]
dix : [0, 0, 0, 0, 0, 0, 1, 0]
la√Øcit√© : [0, 0, 0, 1, 1, 0, 0, 0]
confi√©e : [0, 0, 0, 0, 1, 0, 0, 0]
conforter : [0, 1, 0, 0, 0, 0, 0, 0]
par : [1, 7, 1, 4, 9, 1, 2, 1]
premi√®re : [0, 1, 0, 2, 1, 1, 0, 0]
dire : [0, 1, 0, 1, 2, 0, 0, 4]
mieux : [1, 0, 0, 0, 1, 4, 0, 0]
comp√©titivit√© : [0, 0, 0, 1, 0, 0, 0, 0]
auquel : [0, 0, 0, 0, 0, 0, 1, 0]
bonnes : [0, 0, 0, 0, 0, 0, 0, 1]
exprim√©e : [0, 0, 0, 0, 0, 0, 1, 0]
accomplissement : [1, 0, 0, 0, 0, 0, 0, 0]
me : [2, 1, 1, 0, 3, 0, 2, 1]
concr√®tement : [0, 1, 0, 0, 0, 0, 0, 0]
difficult√©s : [0, 1, 0, 0, 0, 0, 0, 0]
protection : [0, 1, 0, 0, 0, 0, 0, 1]
antis√©mitisme : [0, 0, 0, 1, 0, 0, 0, 0]
humaine : [0, 1, 0, 0, 0, 0, 0, 1]
unies : [0, 1, 0, 0, 0, 0, 0, 0]
fondamentaux : [0, 2, 0, 0, 0, 0, 0, 0]
elles : [0, 0, 0, 0, 2, 1, 1, 0]
querelle : [0, 0, 0, 0, 0, 0, 1, 0]
contraintes : [0, 0, 0, 1, 0, 0, 0, 0]
1871 : [0, 0, 0, 0, 0, 1, 0, 0]
rendez : [0, 0, 0, 0, 0, 0, 1, 0]
enthousiaste : [1, 0, 0, 0, 0, 0, 0, 0]
n√©gociation : [0, 0, 0, 1, 0, 0, 0, 0]
commune : [0, 0, 0, 1, 0, 2, 0, 0]
acc√©l√©r√© : [0, 0, 0, 0, 1, 0, 0, 0]
dit : [0, 0, 0, 0, 0, 1, 0, 0]
v : [0, 0, 0, 0, 1, 0, 0, 0]
profonde : [0, 0, 0, 0, 0, 2, 0, 1]
delmas : [0, 0, 1, 0, 0, 0, 0, 0]
d√©velopper : [0, 1, 0, 0, 0, 0, 0, 0]
duquel : [0, 0, 0, 0, 0, 0, 1, 0]
collectivement : [0, 0, 0, 0, 1, 0, 0, 0]
ainsi : [1, 0, 1, 0, 0, 2, 0, 0]
richesses : [0, 1, 0, 0, 0, 0, 0, 0]
patriotes : [1, 0, 0, 0, 0, 0, 0, 0]
source : [1, 1, 0, 0, 0, 1, 0, 0]
oeuvr√© : [0, 0, 0, 0, 0, 0, 0, 1]
pouvons : [0, 0, 0, 0, 2, 0, 0, 0]
respect√© : [0, 0, 0, 1, 0, 0, 0, 0]
ces : [1, 2, 1, 0, 3, 3, 2, 1]
retraites : [0, 1, 0, 0, 0, 0, 0, 0]
constante : [0, 0, 0, 0, 1, 0, 0, 0]
d√©fendrai : [0, 0, 0, 0, 0, 0, 0, 1]
permet : [0, 0, 0, 0, 1, 0, 0, 0]
refuser : [0, 0, 0, 0, 0, 0, 1, 0]
public : [1, 0, 0, 0, 0, 0, 0, 0]
remerci√©s : [0, 0, 0, 0, 1, 0, 0, 0]
n : [2, 0, 2, 2, 5, 4, 5, 18]
car : [1, 0, 0, 1, 5, 0, 0, 0]
r√©duire : [0, 1, 0, 0, 0, 0, 0, 0]
interpr√©ter : [0, 0, 0, 0, 0, 0, 1, 0]
lib√©rer : [1, 0, 0, 0, 0, 0, 0, 0]
faite : [0, 1, 0, 0, 1, 0, 0, 0]
vie : [0, 2, 0, 1, 1, 0, 1, 2]
p√©riode : [0, 1, 0, 0, 1, 1, 0, 0]
concerne : [0, 0, 0, 0, 1, 0, 0, 0]
r√™ve : [1, 0, 0, 0, 2, 0, 0, 0]
entendu : [0, 0, 0, 0, 0, 1, 0, 0]
production : [0, 0, 0, 1, 0, 0, 0, 0]
veut : [1, 0, 0, 0, 0, 0, 1, 14]
exc√®s : [0, 0, 0, 0, 2, 0, 0, 0]
expression : [0, 0, 0, 0, 0, 1, 1, 0]
publique : [0, 0, 0, 2, 0, 0, 0, 0]
tour : [0, 0, 0, 1, 1, 2, 0, 0]
v√®me : [1, 0, 0, 0, 0, 0, 0, 0]
cour : [0, 0, 0, 0, 0, 1, 0, 0]
fixerai : [0, 0, 0, 1, 0, 0, 0, 0]
camp : [0, 0, 0, 0, 0, 0, 0, 1]
d√©mocratie : [1, 0, 0, 4, 1, 1, 1, 2]
int√©resse : [0, 0, 0, 0, 0, 0, 1, 0]
or : [0, 0, 0, 0, 1, 0, 0, 0]
√©conomie : [0, 1, 0, 2, 0, 0, 0, 0]
d√®s : [0, 0, 0, 0, 1, 0, 0, 0]
1944 : [0, 0, 0, 0, 0, 1, 0, 0]
revendique : [0, 1, 0, 0, 0, 0, 0, 0]
donnant : [0, 0, 0, 0, 1, 0, 0, 0]
avancer : [0, 0, 0, 1, 0, 0, 0, 0]
traditions : [0, 1, 0, 0, 0, 0, 0, 0]
adresser : [0, 0, 0, 0, 0, 1, 0, 0]
fois : [0, 0, 0, 1, 1, 1, 0, 1]
√©coutais : [0, 0, 0, 0, 0, 1, 0, 0]
manifest√© : [0, 0, 0, 0, 0, 0, 0, 1]
r√©unie : [0, 0, 0, 1, 0, 0, 0, 0]
venu : [0, 0, 0, 0, 1, 0, 0, 0]
prosp√©rit√© : [0, 0, 0, 0, 1, 0, 0, 0]
sera : [1, 1, 0, 7, 15, 0, 0, 1]
resultat : [0, 0, 1, 0, 0, 0, 0, 0]
prendrons : [0, 0, 0, 0, 1, 0, 0, 0]
aborder : [0, 1, 0, 0, 0, 0, 0, 0]
bat : [0, 0, 0, 0, 0, 1, 0, 0]
r√©duction : [0, 0, 0, 1, 0, 0, 0, 0]
armes : [0, 0, 0, 0, 0, 1, 0, 0]
serviteurs : [0, 0, 0, 1, 0, 0, 0, 0]
destin√©es : [0, 0, 0, 1, 0, 0, 0, 0]
mais : [3, 2, 1, 6, 5, 5, 1, 5]
formes : [0, 1, 0, 0, 0, 0, 0, 0]
d√©clinante : [0, 0, 0, 0, 1, 0, 0, 0]
r√©els : [0, 0, 0, 0, 0, 0, 0, 1]
responsabilit√© : [1, 0, 0, 1, 3, 0, 0, 1]
maintenant : [0, 0, 0, 0, 1, 0, 0, 0]
nos : [2, 7, 0, 15, 10, 1, 2, 0]
vis : [0, 0, 0, 0, 2, 0, 0, 0]
point : [0, 1, 0, 0, 0, 0, 0, 0]
sais : [0, 0, 0, 0, 2, 1, 0, 0]
entends : [0, 0, 2, 2, 0, 1, 1, 0]
devient : [0, 0, 0, 0, 0, 0, 0, 1]
seulement : [0, 0, 2, 1, 1, 0, 0, 0]
organisations : [0, 0, 0, 1, 0, 0, 0, 0]
intangibles : [0, 0, 0, 1, 0, 0, 0, 0]
voir : [0, 0, 0, 0, 1, 0, 0, 0]
mesdemoiselles : [0, 0, 2, 0, 0, 1, 0, 0]
t√¢che : [1, 0, 0, 0, 1, 0, 0, 2]
ann√©es : [1, 2, 0, 0, 0, 0, 0, 0]
main : [0, 0, 0, 1, 0, 0, 0, 0]
chers : [0, 0, 0, 0, 0, 0, 1, 0]
peuple : [1, 2, 2, 1, 5, 1, 1, 7]
d√©fis : [0, 1, 0, 1, 0, 0, 0, 1]
collectif : [1, 0, 0, 0, 0, 0, 0, 0]
donner : [1, 0, 0, 1, 1, 0, 0, 0]
enfance : [0, 0, 0, 0, 0, 1, 0, 0]
int√©rieure : [1, 0, 0, 0, 0, 0, 0, 0]
principes : [0, 1, 0, 2, 1, 0, 1, 0]
r√©ciprocit√© : [0, 0, 0, 1, 0, 0, 0, 0]
suffrages : [0, 0, 2, 0, 0, 0, 0, 0]
affermie : [1, 0, 0, 0, 0, 0, 0, 0]
enfin : [0, 2, 0, 1, 0, 1, 0, 0]
puissances : [0, 0, 0, 0, 1, 0, 0, 0]
efforce : [0, 0, 0, 0, 0, 0, 0, 1]
l√©gislatif : [1, 0, 0, 0, 0, 0, 0, 0]
r√©publique : [3, 7, 0, 8, 2, 7, 4, 6]
lanc√©e : [0, 1, 0, 0, 0, 0, 0, 0]
parfois : [0, 1, 0, 0, 3, 1, 1, 0]
exprim√© : [1, 0, 0, 0, 0, 0, 0, 0]
m√©rite : [0, 0, 0, 1, 1, 0, 0, 1]
somme : [0, 0, 0, 0, 0, 0, 1, 0]
partout : [0, 2, 0, 1, 1, 0, 0, 0]
assumer : [1, 0, 1, 0, 0, 0, 1, 0]
n√©cessaire : [0, 0, 0, 1, 1, 0, 0, 3]
exclus : [1, 0, 0, 0, 0, 0, 0, 0]
avec : [3, 5, 3, 4, 2, 2, 0, 6]
mondialisation : [0, 4, 0, 0, 0, 0, 0, 0]
am√©liore : [0, 0, 0, 0, 0, 0, 0, 1]
europ√©ens : [1, 0, 0, 0, 0, 0, 0, 0]
gardien : [0, 1, 0, 0, 0, 0, 0, 0]
voulu : [1, 0, 0, 0, 0, 0, 0, 0]
artisans : [0, 0, 0, 0, 0, 0, 1, 0]
anim√© : [0, 1, 0, 0, 0, 0, 0, 0]
pr√©judiciables : [0, 0, 0, 0, 0, 0, 0, 1]
renouer : [1, 0, 0, 0, 0, 0, 0, 0]
humblement : [0, 0, 0, 0, 1, 0, 0, 0]
r√©conciliation : [0, 0, 0, 1, 1, 0, 0, 0]
g√©n√©ral : [1, 2, 0, 1, 1, 1, 1, 2]
transformer : [0, 0, 0, 0, 0, 0, 0, 1]
acte : [0, 0, 0, 1, 0, 0, 0, 0]
fonctions : [0, 0, 0, 0, 0, 0, 0, 1]
sentent : [1, 0, 0, 0, 1, 0, 0, 0]
francophonie : [0, 1, 0, 0, 0, 0, 0, 0]
tard : [0, 0, 0, 0, 0, 1, 0, 0]
responsables : [0, 0, 0, 1, 0, 0, 0, 0]
supprima : [0, 0, 0, 0, 0, 1, 0, 0]
peuvent : [0, 1, 0, 0, 0, 0, 0, 0]
alternance : [0, 0, 0, 0, 0, 0, 0, 1]
patrie : [0, 0, 0, 0, 0, 0, 1, 0]
mit : [0, 0, 0, 1, 0, 0, 0, 0]
engag√© : [0, 0, 0, 0, 0, 0, 1, 0]
exprimer : [0, 0, 0, 0, 0, 2, 0, 0]
sache : [0, 0, 0, 0, 1, 0, 1, 0]
rassemble : [0, 0, 0, 0, 1, 0, 0, 0]
√©minente : [0, 0, 0, 0, 1, 0, 0, 0]
abandonner : [0, 0, 0, 0, 0, 1, 0, 0]
scrupuleusement : [0, 0, 0, 0, 0, 0, 0, 1]
font : [0, 0, 0, 0, 1, 0, 0, 0]
sectarisme : [0, 0, 0, 0, 0, 0, 0, 1]
distinction : [0, 0, 0, 1, 0, 0, 0, 0]
revivifier : [0, 0, 0, 1, 0, 0, 0, 0]
figurer : [0, 0, 0, 0, 1, 0, 0, 0]
repr√©senter : [0, 0, 0, 1, 0, 0, 0, 1]
an : [0, 0, 0, 0, 0, 0, 1, 0]
id√©ologie : [1, 0, 0, 0, 0, 0, 0, 0]
vuln√©rabilit√© : [0, 0, 0, 0, 0, 0, 0, 1]
mettre : [0, 1, 0, 0, 0, 0, 0, 0]
aide : [1, 0, 0, 0, 0, 0, 0, 0]
r√©habiliter : [0, 0, 0, 0, 0, 0, 0, 1]
francaise : [0, 0, 3, 0, 0, 0, 0, 0]
pr√©sident : [2, 2, 0, 3, 0, 1, 1, 1]
aurons : [0, 0, 0, 0, 3, 0, 0, 0]
neuves : [0, 0, 0, 0, 0, 0, 1, 0]
√©t√© : [1, 0, 0, 0, 1, 2, 0, 9]
perdu : [0, 2, 0, 0, 0, 0, 0, 0]
dress√©e : [0, 0, 0, 1, 0, 0, 0, 0]
gouvernementale : [1, 0, 0, 0, 0, 0, 0, 0]
√©conomiques : [0, 0, 0, 0, 2, 0, 0, 0]
1792 : [0, 0, 0, 0, 0, 1, 0, 0]
fameuse : [0, 0, 0, 0, 0, 0, 1, 0]
sans : [0, 0, 0, 3, 1, 2, 3, 1]
doit : [0, 13, 0, 2, 0, 0, 0, 0]
adresse : [0, 0, 1, 2, 0, 2, 1, 0]
digne : [0, 1, 0, 0, 0, 0, 0, 1]
c√¥t√©s : [0, 0, 0, 0, 1, 0, 0, 0]
pas : [1, 0, 4, 6, 4, 5, 5, 11]
besoin : [0, 0, 0, 4, 8, 0, 1, 3]
discordes : [0, 0, 0, 1, 0, 0, 0, 0]
p√©rennit√© : [0, 0, 0, 0, 1, 0, 0, 0]
etat : [2, 1, 0, 3, 0, 1, 0, 3]
ardeur : [1, 0, 0, 0, 0, 0, 0, 0]
aborde : [0, 1, 0, 0, 0, 0, 0, 0]
besoins : [0, 1, 0, 0, 0, 0, 0, 0]
progresser : [0, 1, 0, 0, 0, 0, 0, 0]
vous : [0, 0, 1, 0, 2, 5, 2, 1]
intellectuel : [0, 0, 0, 0, 0, 0, 0, 1]
rassure : [0, 0, 0, 0, 1, 0, 0, 0]
sursaut : [0, 0, 0, 0, 0, 1, 0, 0]
refond√©e : [0, 0, 0, 0, 1, 0, 0, 0]
non : [1, 1, 0, 2, 1, 0, 0, 0]
plusieurs : [0, 1, 0, 0, 0, 0, 0, 0]
estaing : [0, 0, 0, 1, 1, 0, 0, 1]
vu : [2, 0, 0, 0, 1, 0, 1, 0]
auront : [0, 0, 0, 0, 1, 0, 0, 0]
hisser : [0, 0, 0, 0, 1, 0, 0, 0]
lev√© : [0, 0, 0, 0, 0, 0, 0, 1]
modernit√© : [0, 0, 0, 0, 1, 0, 0, 1]
politiques : [0, 0, 0, 0, 2, 1, 0, 0]
confient : [0, 0, 0, 0, 1, 0, 0, 0]
vivre : [0, 1, 0, 1, 1, 0, 0, 1]
susceptible : [0, 0, 0, 1, 0, 0, 0, 0]
allaient : [0, 0, 0, 0, 3, 0, 0, 0]
seul : [0, 0, 2, 0, 0, 0, 0, 1]
risque : [0, 0, 0, 0, 0, 0, 0, 1]
sc√®ne : [0, 1, 0, 0, 1, 0, 0, 0]
venir : [0, 0, 0, 0, 1, 0, 0, 1]
ne : [0, 0, 2, 3, 7, 3, 1, 9]
pi√®ge : [0, 0, 0, 0, 0, 0, 1, 0]
agit : [0, 0, 0, 0, 0, 0, 1, 0]
soutenues : [0, 0, 0, 0, 1, 0, 0, 0]
uns : [0, 0, 0, 1, 1, 0, 1, 0]
climatique : [0, 0, 0, 0, 1, 0, 0, 1]
puissance : [0, 0, 0, 0, 3, 1, 0, 0]
financi√®re : [0, 0, 0, 0, 1, 0, 0, 0]
reste : [0, 0, 0, 0, 0, 0, 1, 0]
lors : [0, 0, 0, 1, 0, 0, 0, 0]
autres : [0, 1, 0, 1, 1, 3, 1, 1]
europe : [0, 2, 0, 4, 3, 0, 1, 1]
proposa : [0, 0, 0, 0, 0, 1, 0, 0]
tourn√© : [0, 0, 0, 0, 0, 0, 1, 0]
vers : [1, 0, 0, 1, 0, 1, 1, 0]
emplois : [0, 2, 0, 0, 0, 0, 0, 0]
modernisation : [0, 0, 0, 1, 0, 0, 0, 0]
cela : [0, 3, 0, 0, 3, 0, 0, 0]
ardemment : [0, 0, 0, 0, 0, 0, 1, 0]
d√©fendue : [0, 0, 0, 0, 1, 0, 0, 0]
lib√©ration : [0, 0, 0, 0, 0, 1, 0, 0]
affronter : [0, 0, 0, 1, 0, 1, 0, 0]
nomment : [0, 0, 0, 0, 0, 0, 1, 0]
confi√© : [0, 0, 0, 0, 0, 0, 0, 2]
quotidienne : [0, 0, 0, 0, 0, 0, 1, 1]
marche : [0, 0, 0, 0, 1, 0, 0, 0]
division : [0, 0, 0, 0, 2, 0, 0, 0]
inventer : [0, 0, 0, 0, 1, 1, 0, 0]
conformisme : [0, 0, 0, 0, 0, 0, 0, 1]
vies : [0, 0, 0, 0, 0, 1, 0, 0]
veulent : [0, 0, 0, 0, 0, 0, 0, 2]
je : [12, 7, 3, 18, 15, 8, 14, 24]
sacrifices : [0, 0, 0, 1, 0, 0, 0, 2]
battrons : [0, 0, 0, 0, 1, 0, 0, 0]
attente : [0, 0, 0, 1, 0, 0, 0, 1]
cesse : [0, 0, 0, 1, 0, 0, 0, 0]
lorsqu : [0, 0, 0, 0, 0, 0, 0, 1]
ceux : [0, 1, 2, 2, 1, 0, 0, 3]
n√©cessaires : [1, 0, 0, 0, 0, 1, 0, 0]
mission : [1, 0, 0, 2, 2, 0, 0, 0]
pense : [0, 0, 0, 0, 0, 0, 1, 11]
violation : [0, 1, 0, 0, 0, 0, 0, 0]
hommes : [1, 1, 2, 0, 0, 1, 0, 4]
d√©claration : [0, 0, 0, 1, 0, 0, 0, 0]
situer : [0, 0, 0, 1, 0, 0, 0, 0]
