versailles: 0 0 0 0 0 0.9030899869919435 0 0
enfermer: 0 0 0 0 0 0 0 0.9030899869919435
seuls: 0 0 0 0.9030899869919435 0 0 0 0
mondialisation: 0 0.9030899869919435 0 0 0 0 0 0
partage: 0.9030899869919435 0 0 0 0 0 0 0
accompagne: 0 0 0 0 0.9030899869919435 0 0 0
assumerai: 0 0.6020599913279624 0 0.6020599913279624 0 0 0 0
contraires: 0 0 0 0 0.9030899869919435 0 0 0
titres: 0 0 0 0 0 0 0.9030899869919435 0
multiples: 0 0 0 0 0 0 0.9030899869919435 0
forge: 0 0 0 0 0.9030899869919435 0 0 0
plein: 0 0.9030899869919435 0 0 0 0 0 0
imposent: 0 0.9030899869919435 0 0 0 0 0 0
confier: 0 0.9030899869919435 0 0 0 0 0 0
vigueur: 0 0 0 0 0.9030899869919435 0 0 0
alternance: 0 0 0 0 0 0 0 0.9030899869919435
m: 0 0.05799194697768673 0.05799194697768673 0.05799194697768673 0.05799194697768673 0.05799194697768673 0.05799194697768673 0.05799194697768673
imaginer: 0 0 0 0 0 0 0 0.9030899869919435
citoyens: 0.6020599913279624 0 0 0 0.6020599913279624 0 0 0
dois: 0 0 0 0 0 0.9030899869919435 0 0
un: 0.05799194697768673 0.05799194697768673 0.05799194697768673 0.05799194697768673 0.05799194697768673 0.05799194697768673 0 0.05799194697768673
avant: 0 0 0 0.6020599913279624 0 0 0.6020599913279624 0
message: 0.4259687322722811 0 0 0.4259687322722811 0 0 0.4259687322722811 0
solennel: 0 0 0 0 0 0 0 0.9030899869919435
accomplir: 0 0 0 0 0 0.9030899869919435 0 0
sa: 0.12493873660829993 0.12493873660829993 0.12493873660829993 0.12493873660829993 0.12493873660829993 0 0 0.12493873660829993
unit: 0 0.9030899869919435 0 0 0 0 0 0
relever: 0 0.4259687322722811 0 0.4259687322722811 0 0 0 0.4259687322722811
constitution: 0 0 0 0.9030899869919435 0 0 0 0
contre: 0.3010299956639812 0 0 0.3010299956639812 0 0.3010299956639812 0 0.3010299956639812
fondateur: 0.9030899869919435 0 0 0 0 0 0 0
devons: 0 0 0 0.6020599913279624 0.6020599913279624 0 0 0
vivons: 0 0 0 0 0.9030899869919435 0 0 0
soutenir: 0 0.9030899869919435 0 0 0 0 0 0
espoirs: 0 0.9030899869919435 0 0 0 0 0 0
usages: 0 0 0 0 0.9030899869919435 0 0 0
conservatisme: 0 0 0 0 0 0 0 0.9030899869919435
renouer: 0.9030899869919435 0 0 0 0 0 0 0
circonstances: 0 0 0 0.9030899869919435 0 0 0 0
assumant: 0.9030899869919435 0 0 0 0 0 0 0
fraternel: 0 0 0.9030899869919435 0 0 0 0 0
exigence: 0 0.4259687322722811 0 0 0.4259687322722811 0 0 0.4259687322722811
occupe: 0 0 0 0.9030899869919435 0 0 0 0
desquels: 0 0 0 0 0 0 0.9030899869919435 0
distinction: 0 0 0 0.9030899869919435 0 0 0 0
tour: 0 0 0 0.4259687322722811 0.4259687322722811 0.4259687322722811 0 0
restera: 0 0 0 0 0 0.9030899869919435 0 0
face: 0 0.3010299956639812 0 0.3010299956639812 0.3010299956639812 0.3010299956639812 0 0
jours: 0 0 0 0 0 0.9030899869919435 0 0
mieux: 0.4259687322722811 0 0 0 0.4259687322722811 0.4259687322722811 0 0
constitue: 0 0.9030899869919435 0 0 0 0 0 0
vive: 0.12493873660829993 0.12493873660829993 0 0.12493873660829993 0 0.12493873660829993 0.12493873660829993 0.12493873660829993
condition: 0 0 0 0.6020599913279624 0 0 0 0.6020599913279624
veulent: 0 0 0 0 0 0 0 0.9030899869919435
besoin: 0 0 0 0.3010299956639812 0.3010299956639812 0 0.3010299956639812 0.3010299956639812
comptez: 0 0 0 0 0 0 0.9030899869919435 0
agriculteurs: 0 0 0 0.9030899869919435 0 0 0 0
rassemblement: 0 0 0 0.9030899869919435 0 0 0 0
sursaut: 0 0 0 0 0 0.9030899869919435 0 0
universelle: 0 0.9030899869919435 0 0 0 0 0 0
13396203: 0 0 0.9030899869919435 0 0 0 0 0
choisi: 0 0 0 0 0.9030899869919435 0 0 0
soyons: 0 0 0 0 0.9030899869919435 0 0 0
dos: 0 0 0 0 0.9030899869919435 0 0 0
pauvres: 0 0 0 0 0 0.9030899869919435 0 0
venu: 0 0 0 0 0.9030899869919435 0 0 0
proclamation: 0 0.6020599913279624 0.6020599913279624 0 0 0 0 0
langue: 0 0 0 0.9030899869919435 0 0 0 0
instable: 0 0 0 0.9030899869919435 0 0 0 0
quelques: 0 0 0 0 0 0.9030899869919435 0 0
rendit: 0 0 0 0 0 0 0 0.9030899869919435
ouverte: 0 0.9030899869919435 0 0 0 0 0 0
particuliers: 0 0.6020599913279624 0 0 0 0 0.6020599913279624 0
soient: 0 0.4259687322722811 0 0.4259687322722811 0.4259687322722811 0 0 0
famille: 0 0.9030899869919435 0 0 0 0 0 0
delmas: 0 0 0.9030899869919435 0 0 0 0 0
humaine: 0 0.6020599913279624 0 0 0 0 0 0.6020599913279624
naturelles: 0 0.9030899869919435 0 0 0 0 0 0
source: 0.4259687322722811 0.4259687322722811 0 0 0 0.4259687322722811 0 0
fragile: 0 0 0 0 0 0 0 0.9030899869919435
amour: 0 0 0 0 0 0 0.6020599913279624 0.6020599913279624
habitudes: 0 0 0 0 0.4259687322722811 0 0.4259687322722811 0.4259687322722811
exemple: 0 0 0 0 0.9030899869919435 0 0 0
orientations: 0.9030899869919435 0 0 0 0 0 0 0
pardonne: 0 0 0 0 0 0.9030899869919435 0 0
ardeur: 0.9030899869919435 0 0 0 0 0 0 0
fameuse: 0 0 0 0 0 0 0.9030899869919435 0
supprima: 0 0 0 0 0 0.9030899869919435 0 0
certitude: 0 0 0 0 0.9030899869919435 0 0 0
conscience: 0 0 0 0 0 0 0 0.9030899869919435
engagements: 0 0 0 0.3010299956639812 0.3010299956639812 0.3010299956639812 0 0.3010299956639812
guide: 0 0.9030899869919435 0 0 0 0 0 0
aujourd: 0 0.2041199826559248 0 0 0.2041199826559248 0.2041199826559248 0.2041199826559248 0.2041199826559248
surmonter: 0 0 0 0.6020599913279624 0 0 0 0.6020599913279624
projets: 0 0.6020599913279624 0 0.6020599913279624 0 0 0 0
bout: 0 0 0 0 0 0 0.9030899869919435 0
redresser: 0 0 0 0.6020599913279624 0.6020599913279624 0 0 0
vous: 0 0 0.2041199826559248 0 0.2041199826559248 0.2041199826559248 0.2041199826559248 0.2041199826559248
renaissant: 0 0 0 0 0 0.9030899869919435 0 0
discernement: 0 0 0 0 0.9030899869919435 0 0 0
vaste: 0 0 0 0 0.9030899869919435 0 0 0
universel: 0 0 0 0 0 0.9030899869919435 0 0
faisons: 0 0 0 0.9030899869919435 0 0 0 0
particulier: 0 0 0.9030899869919435 0 0 0 0 0
peine: 0 0 0 0.9030899869919435 0 0 0 0
universelles: 0 0 0 0 0 0 0 0.9030899869919435
moins: 0 0 0.4259687322722811 0.4259687322722811 0 0.4259687322722811 0 0
possibles: 0.9030899869919435 0 0 0 0 0 0 0
celui: 0 0 0 0 0 0.9030899869919435 0 0
hasard: 0 0 0 0 0 0.9030899869919435 0 0
travers: 0 0 0 0 0 0.9030899869919435 0 0
donne: 0 0 0 0 0.9030899869919435 0 0 0
technologique: 0 0 0 0.9030899869919435 0 0 0 0
moi: 0 0.12493873660829993 0.12493873660829993 0.12493873660829993 0.12493873660829993 0.12493873660829993 0.12493873660829993 0
pleinement: 0.2041199826559248 0.2041199826559248 0.2041199826559248 0.2041199826559248 0.2041199826559248 0 0 0
doute: 0 0 0 0 0.9030899869919435 0 0 0
devra: 0 0.6020599913279624 0 0 0 0 0 0.6020599913279624
techniques: 0 0 0 0 0 0 0.9030899869919435 0
question: 0 0 0 0 0 0 0.9030899869919435 0
bonaparte: 0 0 0 0 0 0.9030899869919435 0 0
jusqu: 0 0.9030899869919435 0 0 0 0 0 0
avaient: 0 0 0.6020599913279624 0 0 0.6020599913279624 0 0
frappe: 0 0 0 0.6020599913279624 0.6020599913279624 0 0 0
pense: 0 0 0 0 0 0 0.6020599913279624 0.6020599913279624
morale: 0 0 0 0 0 0 0 0.9030899869919435
attentes: 0 0.9030899869919435 0 0 0 0 0 0
connaisse: 0 0 0 0 0.9030899869919435 0 0 0
amis: 0 0.9030899869919435 0 0 0 0 0 0
nom: 0 0 0 0.6020599913279624 0 0 0.6020599913279624 0
conception: 0 0.6020599913279624 0 0.6020599913279624 0 0 0 0
monde: 0.05799194697768673 0.05799194697768673 0 0.05799194697768673 0.05799194697768673 0.05799194697768673 0.05799194697768673 0.05799194697768673
publics: 0 0 0 0.9030899869919435 0 0 0 0
ensemble: 0 0 0.3010299956639812 0.3010299956639812 0.3010299956639812 0 0.3010299956639812 0
nouvelles: 0 0.6020599913279624 0 0.6020599913279624 0 0 0 0
fractures: 0.6020599913279624 0 0 0 0.6020599913279624 0 0 0
disait: 0 0 0 0 0 0.9030899869919435 0 0
aube: 0 0 0 0 0 0 0.9030899869919435 0
vicissitudes: 0 0 0 0 0 0 0.9030899869919435 0
volonte: 0 0 0.9030899869919435 0 0 0 0 0
accorder: 0 0 0 0.9030899869919435 0 0 0 0
rappelle: 0 0 0 0 0 0 0.9030899869919435 0
emplit: 0 0 0 0 0.9030899869919435 0 0 0
jeunes: 0 0 0.6020599913279624 0.6020599913279624 0 0 0 0
rassembler: 0 0 0 0 0.4259687322722811 0 0.4259687322722811 0.4259687322722811
demanderai: 0 0 0 0 0 0 0 0.9030899869919435
garants: 0 0 0 0 0 0 0.9030899869919435 0
blanches: 0 0 0.9030899869919435 0 0 0 0 0
vie: 0 0.2041199826559248 0 0.2041199826559248 0.2041199826559248 0 0.2041199826559248 0.2041199826559248
pris: 0 0 0 0 0.6020599913279624 0.6020599913279624 0 0
souhaits: 0 0 0 0 0 0.9030899869919435 0 0
accidents: 0 0 0 0 0.9030899869919435 0 0 0
salue: 0 0 0 0.9030899869919435 0 0 0 0
richesses: 0 0.9030899869919435 0 0 0 0 0 0
digne: 0 0.6020599913279624 0 0 0 0 0 0.6020599913279624
associera: 0 0 0.9030899869919435 0 0 0 0 0
irrattrapable: 0 0 0 0 0 0 0 0.9030899869919435
avec: 0.05799194697768673 0.05799194697768673 0.05799194697768673 0.05799194697768673 0.05799194697768673 0.05799194697768673 0 0.05799194697768673
servirai: 0 0 0 0 0.9030899869919435 0 0 0
locales: 0 0.9030899869919435 0 0 0 0 0 0
tenons: 0 0 0 0 0.9030899869919435 0 0 0
tel: 0.4259687322722811 0 0.4259687322722811 0.4259687322722811 0 0 0 0
attendent: 0 0.3010299956639812 0 0.3010299956639812 0.3010299956639812 0 0.3010299956639812 0
mesdemoiselles: 0 0 0.6020599913279624 0 0 0.6020599913279624 0 0
ordre: 0 0.4259687322722811 0 0 0.4259687322722811 0 0 0.4259687322722811
fonction: 0 0.6020599913279624 0 0.6020599913279624 0 0 0 0
su: 0 0.3010299956639812 0 0.3010299956639812 0.3010299956639812 0 0 0.3010299956639812
respectera: 0 0 0 0.9030899869919435 0 0 0 0
essentielles: 0.9030899869919435 0 0 0 0 0 0 0
demain: 0 0 0 0 0 0 0.9030899869919435 0
eu: 0 0 0 0.6020599913279624 0 0 0 0.6020599913279624
conseil: 0 0.4259687322722811 0 0 0 0.4259687322722811 0.4259687322722811 0
placer: 0.9030899869919435 0 0 0 0 0 0 0
francais: 0 0 0.9030899869919435 0 0 0 0 0
veiller: 0 0 0 0 0.9030899869919435 0 0 0
bonne: 0.6020599913279624 0 0 0 0 0 0 0.6020599913279624
renouveau: 0 0.9030899869919435 0 0 0 0 0 0
culture: 0 0.4259687322722811 0 0.4259687322722811 0.4259687322722811 0 0 0
cela: 0 0.6020599913279624 0 0 0.6020599913279624 0 0 0
absolutisme: 0 0 0 0 0 0.9030899869919435 0 0
renseignement: 0 0 0 0 0.9030899869919435 0 0 0
vite: 0 0 0 0 0 0 0 0.9030899869919435
proposa: 0 0 0 0 0 0.9030899869919435 0 0
entends: 0 0 0.3010299956639812 0.3010299956639812 0 0.3010299956639812 0.3010299956639812 0
fonctionnent: 0 0 0 0 0.9030899869919435 0 0 0
faible: 0 0 0 0.9030899869919435 0 0 0 0
voie: 0 0 0 0.9030899869919435 0 0 0 0
presidents: 0 0 0.9030899869919435 0 0 0 0 0
garanties: 0 0 0 0.9030899869919435 0 0 0 0
industrielle: 0 0 0 0 0.9030899869919435 0 0 0
exagererai: 0 0 0 0 0 0 0.9030899869919435 0
conduira: 0.6020599913279624 0 0 0.6020599913279624 0 0 0 0
attacherai: 0 0.9030899869919435 0 0 0 0 0 0
satisfaction: 0 0 0 0.9030899869919435 0 0 0 0
retraites: 0 0.9030899869919435 0 0 0 0 0 0
dangereux: 0 0 0 0 0 0 0 0.9030899869919435
mettre: 0 0.9030899869919435 0 0 0 0 0 0
ouverts: 0 0 0 0.9030899869919435 0 0 0 0
millions: 0 0 0 0.6020599913279624 0 0 0.6020599913279624 0
plusieurs: 0 0.9030899869919435 0 0 0 0 0 0
conseiller: 0 0 0 0 0 0.9030899869919435 0 0
effort: 0 0.3010299956639812 0 0.3010299956639812 0 0.3010299956639812 0 0.3010299956639812
exprime: 0 0.9030899869919435 0 0 0 0 0 0
fit: 0 0 0 0.6020599913279624 0.6020599913279624 0 0 0
protecteur: 0.9030899869919435 0 0 0 0 0 0 0
ait: 0 0.9030899869919435 0 0 0 0 0 0
haut: 0 0 0 0 0.9030899869919435 0 0 0
honneur: 0 0 0.4259687322722811 0.4259687322722811 0.4259687322722811 0 0 0
lutte: 0 0 0 0 0 0 0 0.9030899869919435
parmi: 0 0.6020599913279624 0 0 0 0.6020599913279624 0 0
bonnes: 0 0 0 0 0 0 0 0.9030899869919435
lasser: 0 0 0 0 0 0 0.9030899869919435 0
peur: 0 0 0 0 0.4259687322722811 0 0.4259687322722811 0.4259687322722811
regle: 0 0 0.9030899869919435 0 0 0 0 0
incarner: 0 0 0 0 0 0 0 0.9030899869919435
serviteurs: 0 0 0 0.9030899869919435 0 0 0 0
faite: 0 0.6020599913279624 0 0 0.6020599913279624 0 0 0
devenait: 0 0 0 0 0 0 0 0.9030899869919435
principes: 0 0.3010299956639812 0 0.3010299956639812 0.3010299956639812 0 0.3010299956639812 0
aurons: 0 0 0 0 0.9030899869919435 0 0 0
pendant: 0 0 0 0 0 0 0 0.9030899869919435
demandait: 0 0 0 0 0.9030899869919435 0 0 0
continent: 0 0 0 0.9030899869919435 0 0 0 0
louis: 0 0 0 0 0 0.9030899869919435 0 0
ainsi: 0.4259687322722811 0 0.4259687322722811 0 0 0.4259687322722811 0 0
refuser: 0 0 0 0 0 0 0.9030899869919435 0
tous: 0.05799194697768673 0.05799194697768673 0 0.05799194697768673 0.05799194697768673 0.05799194697768673 0.05799194697768673 0.05799194697768673
ere: 0 0 0.9030899869919435 0 0 0 0 0
ressentais: 0 0 0 0 0 0.9030899869919435 0 0
libres: 0 0 0 0 0 0 0 0.9030899869919435
emporter: 0 0 0 0 0 0 0.9030899869919435 0
compromis: 0 0 0 0 0.9030899869919435 0 0 0
controle: 0 0 0.9030899869919435 0 0 0 0 0
municipal: 0 0 0 0 0 0.9030899869919435 0 0
faisant: 0 0.6020599913279624 0 0 0.6020599913279624 0 0 0
aime: 0 0 0 0 0 0 0.9030899869919435 0
laisser: 0 0 0 0 0 0 0 0.9030899869919435
republique: 0 0 0.9030899869919435 0 0 0 0 0
ministre: 0 0.9030899869919435 0 0 0 0 0 0
prise: 0 0 0 0.4259687322722811 0 0 0.4259687322722811 0.4259687322722811
claire: 0 0 0 0.9030899869919435 0 0 0 0
pulsions: 0 0 0 0 0 0 0.9030899869919435 0
ressources: 0 0.6020599913279624 0 0 0.6020599913279624 0 0 0
prestige: 0 0 0 0.9030899869919435 0 0 0 0
lieu: 0 0 0 0 0.9030899869919435 0 0 0
combats: 0 0 0 0 0 0.6020599913279624 0.6020599913279624 0
justement: 0 0 0 0 0 0 0.9030899869919435 0
douze: 0 0 0 0 0 0 0 0.9030899869919435
battrai: 0 0 0 0 0 0 0 0.9030899869919435
lors: 0 0 0 0.9030899869919435 0 0 0 0
devenues: 0 0 0 0 0 0.9030899869919435 0 0
mers: 0 0 0 0.9030899869919435 0 0 0 0
lettre: 0.9030899869919435 0 0 0 0 0 0 0
dure: 0 0 0 0 0 0 0 0.9030899869919435
sans: 0 0 0 0.2041199826559248 0.2041199826559248 0.2041199826559248 0.2041199826559248 0.2041199826559248
imminence: 0 0 0 0 0 0 0 0.9030899869919435
travailleurs: 0 0 0.9030899869919435 0 0 0 0 0
charge: 0.6020599913279624 0 0 0.6020599913279624 0 0 0 0
inactifs: 0 0 0.9030899869919435 0 0 0 0 0
gouvernements: 0 0.9030899869919435 0 0 0 0 0 0
concerne: 0 0 0 0 0.9030899869919435 0 0 0
estaing: 0 0 0 0.4259687322722811 0.4259687322722811 0 0 0.4259687322722811
sommes: 0 0 0 0.4259687322722811 0.4259687322722811 0 0.4259687322722811 0
continuer: 0 0 0 0 0 0 0 0.9030899869919435
lenteurs: 0 0 0 0 0 0 0.9030899869919435 0
participe: 0 0.9030899869919435 0 0 0 0 0 0
vis: 0 0 0 0 0.9030899869919435 0 0 0
nos: 0.12493873660829993 0.12493873660829993 0 0.12493873660829993 0.12493873660829993 0.12493873660829993 0.12493873660829993 0
dette: 0 0 0 0.9030899869919435 0 0 0 0
communes: 0 0 0 0 0 0.9030899869919435 0 0
mission: 0.4259687322722811 0 0 0.4259687322722811 0.4259687322722811 0 0 0
cinq: 0 0.9030899869919435 0 0 0 0 0 0
villes: 0 0 0 0.9030899869919435 0 0 0 0
diplomatique: 0 0 0 0 0 0 0 0.9030899869919435
garant: 0.6020599913279624 0.6020599913279624 0 0 0 0 0 0
clairvoyants: 0 0 0 0 0.9030899869919435 0 0 0
quinquennat: 0 0.9030899869919435 0 0 0 0 0 0
designer: 0 0 0.9030899869919435 0 0 0 0 0
disposer: 0 0 0 0.9030899869919435 0 0 0 0
paix: 0 0 0 0.3010299956639812 0.3010299956639812 0 0.3010299956639812 0.3010299956639812
sont: 0.05799194697768673 0.05799194697768673 0.05799194697768673 0.05799194697768673 0.05799194697768673 0.05799194697768673 0 0.05799194697768673
servir: 0 0 0 0 0 0 0.6020599913279624 0.6020599913279624
oeuvre: 0 0 0 0 0.9030899869919435 0 0 0
compatriotes: 0.3010299956639812 0.3010299956639812 0 0 0.3010299956639812 0 0.3010299956639812 0
recommandent: 0 0 0 0.9030899869919435 0 0 0 0
rang: 0 0.6020599913279624 0 0 0.6020599913279624 0 0 0
patriotes: 0.9030899869919435 0 0 0 0 0 0 0
lorsqu: 0 0 0 0 0 0 0 0.9030899869919435
septennat: 0.6020599913279624 0 0 0 0 0 0.6020599913279624 0
implique: 0 0 0.9030899869919435 0 0 0 0 0
bas: 0 0 0 0 0 0 0.9030899869919435 0
tentation: 0 0.9030899869919435 0 0 0 0 0 0
tout: 0.05799194697768673 0.05799194697768673 0 0.05799194697768673 0.05799194697768673 0.05799194697768673 0.05799194697768673 0.05799194697768673
organisation: 0 0.9030899869919435 0 0 0 0 0 0
foule: 0 0 0 0 0 0.9030899869919435 0 0
exaltante: 0 0 0 0 0.9030899869919435 0 0 0
1988: 0 0 0 0 0 0 0.9030899869919435 0
dialogue: 0 0.6020599913279624 0 0 0 0 0.6020599913279624 0
fonctions: 0 0 0 0 0 0 0 0.9030899869919435
autour: 0 0 0 0.9030899869919435 0 0 0 0
garder: 0 0 0 0 0 0 0.9030899869919435 0
loi: 0.9030899869919435 0 0 0 0 0 0 0
autres: 0 0.12493873660829993 0 0.12493873660829993 0.12493873660829993 0.12493873660829993 0.12493873660829993 0.12493873660829993
artisans: 0 0 0 0 0 0 0.9030899869919435 0
concorde: 0 0 0 0 0.9030899869919435 0 0 0
contradictions: 0 0 0 0 0 0 0.9030899869919435 0
moment: 0 0 0 0 0.3010299956639812 0.3010299956639812 0.3010299956639812 0.3010299956639812
climat: 0 0 0 0 0.9030899869919435 0 0 0
auront: 0 0 0 0 0.9030899869919435 0 0 0
vertige: 0 0 0.9030899869919435 0 0 0 0 0
remercie: 0 0 0 0 0 0.9030899869919435 0 0
reste: 0 0 0 0 0 0 0.9030899869919435 0
victimes: 0 0.9030899869919435 0 0 0 0 0 0
dix: 0 0 0 0 0 0 0.9030899869919435 0
excellence: 0 0 0 0.9030899869919435 0 0 0 0
suffrages: 0 0 0.9030899869919435 0 0 0 0 0
signifie: 0 0.9030899869919435 0 0 0 0 0 0
rayonner: 0 0 0 0 0 0 0 0.9030899869919435
aurai: 0.6020599913279624 0 0 0 0.6020599913279624 0 0 0
inventer: 0 0 0 0 0.6020599913279624 0.6020599913279624 0 0
affaiblie: 0 0 0 0 0.9030899869919435 0 0 0
sien: 0 0 0 0 0 0 0 0.9030899869919435
main: 0 0 0 0.9030899869919435 0 0 0 0
rendre: 0.6020599913279624 0 0 0 0.6020599913279624 0 0 0
perdu: 0 0.9030899869919435 0 0 0 0 0 0
fois: 0 0 0 0.3010299956639812 0.3010299956639812 0.3010299956639812 0 0.3010299956639812
mobilisons: 0 0 0 0.9030899869919435 0 0 0 0
exemplaire: 0 0 0 0 0.9030899869919435 0 0 0
discriminations: 0 0 0 0.9030899869919435 0 0 0 0
efforts: 0 0 0 0 0.9030899869919435 0 0 0
deux: 0 0 0 0 0.6020599913279624 0 0 0.6020599913279624
magistrature: 0 0 0 0 0 0 0.9030899869919435 0
appartient: 0 0 0 0.4259687322722811 0.4259687322722811 0 0.4259687322722811 0
recevoir: 0 0 0 0 0 0.9030899869919435 0 0
retard: 0 0 0 0 0 0 0 0.9030899869919435
peu: 0.6020599913279624 0 0 0 0 0 0.6020599913279624 0
agisse: 0 0 0.6020599913279624 0 0.6020599913279624 0 0 0
surtout: 0.6020599913279624 0 0 0 0.6020599913279624 0 0 0
risque: 0 0 0 0 0 0 0 0.9030899869919435
quitter: 0 0 0 0 0.9030899869919435 0 0 0
egard: 0 0 0.9030899869919435 0 0 0 0 0
relancer: 0 0 0 0.9030899869919435 0 0 0 0
minutes: 0 0 0 0 0 0.9030899869919435 0 0
conduit: 0 0.9030899869919435 0 0 0 0 0 0
responsables: 0 0 0 0.9030899869919435 0 0 0 0
pouvoir: 0 0 0 0.4259687322722811 0.4259687322722811 0.4259687322722811 0 0
partie: 0.9030899869919435 0 0 0 0 0 0 0
exercice: 0 0.9030899869919435 0 0 0 0 0 0
donnant: 0 0 0 0 0.9030899869919435 0 0 0
faut: 0 0 0 0 0 0 0.9030899869919435 0
comportements: 0 0 0 0.6020599913279624 0 0 0 0.6020599913279624
extraordinaire: 0 0 0 0 0.9030899869919435 0 0 0
social: 0 0.3010299956639812 0 0.3010299956639812 0.3010299956639812 0 0 0.3010299956639812
moyens: 0.9030899869919435 0 0 0 0 0 0 0
ruraux: 0 0 0 0.9030899869919435 0 0 0 0
durable: 0 0 0 0.9030899869919435 0 0 0 0
contraintes: 0 0 0 0.9030899869919435 0 0 0 0
ve: 0 0 0 0 0 0 0 0.9030899869919435
chance: 0 0 0 0.9030899869919435 0 0 0 0
remettre: 0 0 0 0.9030899869919435 0 0 0 0
partout: 0 0.4259687322722811 0 0.4259687322722811 0.4259687322722811 0 0 0
peuvent: 0 0.9030899869919435 0 0 0 0 0 0
grandes: 0.6020599913279624 0 0 0 0.6020599913279624 0 0 0
massive: 0 0 0 0.9030899869919435 0 0 0 0
37: 0 0 0 0 0 0.9030899869919435 0 0
chacune: 0 0 0 0 0 0.9030899869919435 0 0
dont: 0 0.2041199826559248 0.2041199826559248 0 0.2041199826559248 0.2041199826559248 0.2041199826559248 0
seuil: 0 0 0 0 0 0 0.9030899869919435 0
beaucoup: 0 0.4259687322722811 0 0 0.4259687322722811 0.4259687322722811 0 0
rente: 0 0 0 0.9030899869919435 0 0 0 0
principal: 0 0 0 0 0 0 0.9030899869919435 0
contribuer: 0 0.4259687322722811 0 0.4259687322722811 0 0 0 0.4259687322722811
duquel: 0 0 0 0 0 0 0.9030899869919435 0
livre: 0 0 0.9030899869919435 0 0 0 0 0
cesse: 0 0 0 0.9030899869919435 0 0 0 0
quartiers: 0 0 0 0.9030899869919435 0 0 0 0
d: 0.05799194697768673 0.05799194697768673 0 0.05799194697768673 0.05799194697768673 0.05799194697768673 0.05799194697768673 0.05799194697768673
choix: 0 0 0 0.6020599913279624 0 0.6020599913279624 0 0
seront: 0 0.4259687322722811 0 0.4259687322722811 0.4259687322722811 0 0 0
grand: 0 0 0.12493873660829993 0.12493873660829993 0.12493873660829993 0.12493873660829993 0.12493873660829993 0.12493873660829993
locale: 0 0 0 0.9030899869919435 0 0 0 0
1848: 0 0 0 0 0 0.9030899869919435 0 0
entreprendre: 0 0.6020599913279624 0.6020599913279624 0 0 0 0 0
ma: 0.2041199826559248 0.2041199826559248 0 0.2041199826559248 0.2041199826559248 0 0 0.2041199826559248
mobiliser: 0 0.9030899869919435 0 0 0 0 0 0
formulez: 0 0 0 0 0 0.9030899869919435 0 0
organisations: 0 0 0 0.9030899869919435 0 0 0 0
ouvrir: 0 0 0 0.9030899869919435 0 0 0 0
normales: 0 0 0 0 0 0 0.9030899869919435 0
quoi: 0 0 0 0 0 0.9030899869919435 0 0
aiment: 0 0 0 0 0 0 0 0.9030899869919435
ses: 0.05799194697768673 0.05799194697768673 0.05799194697768673 0.05799194697768673 0.05799194697768673 0.05799194697768673 0.05799194697768673 0
ceux: 0 0.2041199826559248 0.2041199826559248 0.2041199826559248 0.2041199826559248 0 0 0.2041199826559248
proue: 0 0 0 0 0 0.9030899869919435 0 0
chers: 0 0 0 0 0 0 0.9030899869919435 0
industriel: 0 0 0 0.9030899869919435 0 0 0 0
clos: 0.9030899869919435 0 0 0 0 0 0 0
difficile: 0 0 0 0 0 0.6020599913279624 0 0.6020599913279624
26: 0 0 0 0 0 0.9030899869919435 0 0
bien: 0.12493873660829993 0.12493873660829993 0 0.12493873660829993 0.12493873660829993 0.12493873660829993 0 0.12493873660829993
imagination: 0 0 0 0 0 0.9030899869919435 0 0
marche: 0 0 0 0 0.9030899869919435 0 0 0
serait: 0 0 0 0 0 0.6020599913279624 0.6020599913279624 0
longue: 0 0 0.9030899869919435 0 0 0 0 0
vives: 0 0.9030899869919435 0 0 0 0 0 0
suivre: 0.9030899869919435 0 0 0 0 0 0 0
6: 0 0 0 0.6020599913279624 0 0 0 0.6020599913279624
traditions: 0 0.9030899869919435 0 0 0 0 0 0
au: 0 0.12493873660829993 0 0.12493873660829993 0.12493873660829993 0.12493873660829993 0.12493873660829993 0.12493873660829993
sur: 0 0.12493873660829993 0 0.12493873660829993 0.12493873660829993 0.12493873660829993 0.12493873660829993 0.12493873660829993
accrut: 0 0 0 0 0 0.9030899869919435 0 0
veillera: 0 0 0 0 0.9030899869919435 0 0 0
grande: 0 0.3010299956639812 0 0.3010299956639812 0.3010299956639812 0 0 0.3010299956639812
resultat: 0 0 0.9030899869919435 0 0 0 0 0
enthousiaste: 0.9030899869919435 0 0 0 0 0 0 0
restant: 0 0 0 0.9030899869919435 0 0 0 0
dis: 0 0 0 0 0 0 0.6020599913279624 0.6020599913279624
maniere: 0 0 0.9030899869919435 0 0 0 0 0
chemin: 0 0 0 0 0 0 0.9030899869919435 0
foi: 0 0 0 0 0.6020599913279624 0 0 0.6020599913279624
sarkozy: 0 0 0 0.6020599913279624 0.6020599913279624 0 0 0
lesquelles: 0 0 0 0 0.9030899869919435 0 0 0
rien: 0 0 0 0 0.4259687322722811 0.4259687322722811 0 0.4259687322722811
intime: 0 0 0 0 0.9030899869919435 0 0 0
profond: 0 0 0 0 0.9030899869919435 0 0 0
vu: 0.4259687322722811 0 0 0 0.4259687322722811 0 0.4259687322722811 0
puissance: 0 0 0 0 0.6020599913279624 0.6020599913279624 0 0
seul: 0 0 0.6020599913279624 0 0 0 0 0.6020599913279624
instant: 0 0 0 0.4259687322722811 0 0.4259687322722811 0 0.4259687322722811
giscard: 0 0 0 0.4259687322722811 0.4259687322722811 0 0 0.4259687322722811
destructeurs: 0 0 0 0 0 0 0 0.9030899869919435
symbole: 0 0 0 0 0 0.9030899869919435 0 0
feront: 0 0 0 0 0.9030899869919435 0 0 0
non: 0.3010299956639812 0.3010299956639812 0 0.3010299956639812 0.3010299956639812 0 0 0
reculer: 0 0.9030899869919435 0 0 0 0 0 0
humblement: 0 0 0 0 0.9030899869919435 0 0 0
trop: 0 0 0 0 0.4259687322722811 0 0.4259687322722811 0.4259687322722811
donnerons: 0 0 0 0 0.9030899869919435 0 0 0
ne: 0 0 0.12493873660829993 0.12493873660829993 0.12493873660829993 0.12493873660829993 0.12493873660829993 0.12493873660829993
prochain: 0 0 0 0 0 0 0.9030899869919435 0
symboles: 0 0.9030899869919435 0 0 0 0 0 0
politique: 0.12493873660829993 0 0.12493873660829993 0.12493873660829993 0.12493873660829993 0 0.12493873660829993 0.12493873660829993
quelle: 0 0 0 0 0 0 0.9030899869919435 0
constatent: 0.9030899869919435 0 0 0 0 0 0 0
profonde: 0 0 0 0 0 0.6020599913279624 0 0.6020599913279624
ouvertes: 0.9030899869919435 0 0 0 0 0 0 0
sous: 0.6020599913279624 0.6020599913279624 0 0 0 0 0 0
agissent: 0 0.9030899869919435 0 0 0 0 0 0
tant: 0 0.3010299956639812 0 0.3010299956639812 0 0.3010299956639812 0 0.3010299956639812
replier: 0 0 0 0 0.9030899869919435 0 0 0
indivisible: 0 0.9030899869919435 0 0 0 0 0 0
lequel: 0 0 0 0.6020599913279624 0.6020599913279624 0 0 0
sache: 0 0 0 0 0.6020599913279624 0 0.6020599913279624 0
humanisme: 0 0 0 0.9030899869919435 0 0 0 0
ai: 0 0.2041199826559248 0 0.2041199826559248 0.2041199826559248 0.2041199826559248 0 0.2041199826559248
allaient: 0 0 0 0 0.9030899869919435 0 0 0
mitterrand: 0.2041199826559248 0 0.2041199826559248 0.2041199826559248 0.2041199826559248 0 0 0.2041199826559248
devient: 0 0 0 0 0 0 0 0.9030899869919435
absolue: 0 0 0 0 0.9030899869919435 0 0 0
corps: 0 0 0 0 0.9030899869919435 0 0 0
ressentent: 0 0.9030899869919435 0 0 0 0 0 0
engagement: 0 0.6020599913279624 0 0.6020599913279624 0 0 0 0
confiants: 0.9030899869919435 0 0 0 0 0 0 0
responsabilites: 0 0 0.9030899869919435 0 0 0 0 0
aucun: 0 0 0 0 0 0 0.6020599913279624 0.6020599913279624
international: 0 0.9030899869919435 0 0 0 0 0 0
gouvernement: 0.3010299956639812 0.3010299956639812 0.3010299956639812 0.3010299956639812 0 0 0 0
fixera: 0.9030899869919435 0 0 0 0 0 0 0
essentiel: 0 0.9030899869919435 0 0 0 0 0 0
propre: 0 0 0 0 0 0 0.9030899869919435 0
somme: 0 0 0 0 0 0 0.9030899869919435 0
certains: 0 0 0 0 0.9030899869919435 0 0 0
entendu: 0 0 0 0 0 0.9030899869919435 0 0
issue: 0.9030899869919435 0 0 0 0 0 0 0
gaiete: 0 0 0.9030899869919435 0 0 0 0 0
remplirai: 0 0 0 0 0 0 0 0.9030899869919435
doivent: 0 0 0 0.6020599913279624 0.6020599913279624 0 0 0
solidaires: 0.9030899869919435 0 0 0 0 0 0 0
crois: 0 0 0 0.4259687322722811 0.4259687322722811 0 0.4259687322722811 0
enfants: 0 0.9030899869919435 0 0 0 0 0 0
ouvre: 0 0 0.6020599913279624 0.6020599913279624 0 0 0 0
enjeux: 0.6020599913279624 0 0 0 0 0 0.6020599913279624 0
enjeu: 0 0 0 0.9030899869919435 0 0 0 0
point: 0 0.9030899869919435 0 0 0 0 0 0
autoritaires: 0 0 0 0 0.9030899869919435 0 0 0
donner: 0.4259687322722811 0 0 0.4259687322722811 0.4259687322722811 0 0 0
neuves: 0 0 0 0 0 0 0.9030899869919435 0
appartiendra: 0 0 0 0 0.9030899869919435 0 0 0
v: 0 0 0 0 0.9030899869919435 0 0 0
souscrits: 0 0 0 0 0 0.9030899869919435 0 0
convictions: 0 0 0 0.6020599913279624 0 0 0 0.6020599913279624
publiques: 0 0.6020599913279624 0 0.6020599913279624 0 0 0 0
public: 0.9030899869919435 0 0 0 0 0 0 0
assurer: 0 0 0 0 0 0 0.9030899869919435 0
soutenus: 0 0 0 0.9030899869919435 0 0 0 0
suffrage: 0 0 0 0 0 0.9030899869919435 0 0
concourt: 0 0 0 0 0.9030899869919435 0 0 0
vaut: 0 0 0 0 0 0 0.9030899869919435 0
date: 0 0 0.9030899869919435 0 0 0 0 0
sociales: 0 0 0 0 0.9030899869919435 0 0 0
unis: 0.9030899869919435 0 0 0 0 0 0 0
competition: 0 0 0.9030899869919435 0 0 0 0 0
ambition: 0.6020599913279624 0 0 0.6020599913279624 0 0 0 0
entier: 0 0 0 0 0.4259687322722811 0.4259687322722811 0.4259687322722811 0
divisions: 0 0 0 0.6020599913279624 0 0 0.6020599913279624 0
partisans: 0 0.6020599913279624 0 0 0 0 0.6020599913279624 0
commencer: 0 0 0 0 0 0.9030899869919435 0 0
division: 0 0 0 0 0.9030899869919435 0 0 0
jouer: 0 0.9030899869919435 0 0 0 0 0 0
sut: 0 0 0 0 0.6020599913279624 0 0 0.6020599913279624
c: 0 0.12493873660829993 0.12493873660829993 0.12493873660829993 0.12493873660829993 0.12493873660829993 0.12493873660829993 0
avoir: 0 0.4259687322722811 0 0.4259687322722811 0.4259687322722811 0 0 0
nations: 0 0 0 0 0.9030899869919435 0 0 0
convaincre: 0 0 0 0 0.9030899869919435 0 0 0
enfance: 0 0 0 0 0 0.9030899869919435 0 0
femmes: 0.12493873660829993 0.12493873660829993 0.12493873660829993 0.12493873660829993 0 0.12493873660829993 0 0.12493873660829993
profondes: 0 0 0 0 0.9030899869919435 0 0 0
sienne: 0 0 0 0.6020599913279624 0 0 0 0.6020599913279624
paris: 0 0 0 0 0.6020599913279624 0.6020599913279624 0 0
salut: 0 0 0.9030899869919435 0 0 0 0 0
victoire: 0.4259687322722811 0 0 0 0 0 0.4259687322722811 0.4259687322722811
eux: 0 0.4259687322722811 0 0 0.4259687322722811 0 0 0.4259687322722811
primordiale: 0 0.9030899869919435 0 0 0 0 0 0
soutenues: 0 0 0 0 0.9030899869919435 0 0 0
mesure: 0 0.2041199826559248 0.2041199826559248 0.2041199826559248 0.2041199826559248 0.2041199826559248 0 0
sachant: 0 0 0 0 0.9030899869919435 0 0 0
realite: 0 0 0.9030899869919435 0 0 0 0 0
mondial: 0 0 0 0 0.9030899869919435 0 0 0
longtemps: 0 0 0 0 0.6020599913279624 0 0 0.6020599913279624
illusoire: 0 0 0 0 0.9030899869919435 0 0 0
souvenir: 0 0 0 0 0 0.9030899869919435 0 0
obligation: 0 0 0 0 0 0 0.9030899869919435 0
camp: 0 0 0 0 0 0 0 0.9030899869919435
travailler: 0 0 0 0 0 0 0 0.9030899869919435
initiative: 0 0 0 0.3010299956639812 0.3010299956639812 0 0.3010299956639812 0.3010299956639812
souhaite: 0 0 0 0 0 0 0.9030899869919435 0
chirac: 0 0 0 0.3010299956639812 0.3010299956639812 0.3010299956639812 0 0.3010299956639812
vents: 0 0 0 0 0.9030899869919435 0 0 0
chercheurs: 0 0 0 0.9030899869919435 0 0 0 0
officiellement: 0 0 0 0 0 0 0 0.9030899869919435
sortir: 0 0 0 0.9030899869919435 0 0 0 0
attachement: 0 0.4259687322722811 0 0.4259687322722811 0 0 0.4259687322722811 0
souci: 0 0.6020599913279624 0 0.6020599913279624 0 0 0 0
professionnelles: 0 0 0 0.9030899869919435 0 0 0 0
injustement: 0 0 0 0 0.9030899869919435 0 0 0
seule: 0 0 0 0 0.6020599913279624 0 0 0.6020599913279624
union: 0 0 0 0 0 0.6020599913279624 0 0.6020599913279624
assumer: 0.4259687322722811 0 0.4259687322722811 0 0 0 0.4259687322722811 0
subir: 0 0 0 0 0 0 0 0.9030899869919435
magie: 0 0 0 0 0.9030899869919435 0 0 0
migratoire: 0 0 0 0 0.9030899869919435 0 0 0
font: 0 0 0 0 0.9030899869919435 0 0 0
dettes: 0 0 0 0.9030899869919435 0 0 0 0
commune: 0 0 0 0.6020599913279624 0 0.6020599913279624 0 0
cicatrices: 0.9030899869919435 0 0 0 0 0 0 0
porter: 0 0 0 0 0.9030899869919435 0 0 0
voix: 0 0 0 0 0.9030899869919435 0 0 0
exceptionnelles: 0 0 0 0.9030899869919435 0 0 0 0
1974: 0 0 0.9030899869919435 0 0 0 0 0
dialectique: 0 0 0 0 0 0 0.9030899869919435 0
voir: 0 0 0 0 0.9030899869919435 0 0 0
renier: 0 0 0 0 0 0 0 0.9030899869919435
gouvernementale: 0.9030899869919435 0 0 0 0 0 0 0
terre: 0 0 0 0 0 0 0.9030899869919435 0
patrie: 0 0 0 0 0 0 0.9030899869919435 0
aspire: 0 0 0 0 0 0 0.9030899869919435 0
douloureuse: 0 0 0 0 0 0.9030899869919435 0 0
mit: 0 0 0 0.9030899869919435 0 0 0 0
francois: 0 0 0.9030899869919435 0 0 0 0 0
ardemment: 0 0 0 0 0 0 0.9030899869919435 0
accompagnement: 0 0.6020599913279624 0 0.6020599913279624 0 0 0 0
lutter: 0 0 0 0.6020599913279624 0 0 0 0.6020599913279624
songe: 0 0 0 0 0.9030899869919435 0 0 0
voudrais: 0.9030899869919435 0 0 0 0 0 0 0
vivre: 0 0.3010299956639812 0 0.3010299956639812 0.3010299956639812 0 0 0.3010299956639812
oublions: 0 0 0 0 0 0.9030899869919435 0 0
mutation: 0 0 0 0 0 0 0 0.9030899869919435
nomment: 0 0 0 0 0 0 0.9030899869919435 0
arbitrera: 0.9030899869919435 0 0 0 0 0 0 0
minute: 0 0 0 0 0 0.9030899869919435 0 0
paraphrase: 0 0 0 0 0 0 0.9030899869919435 0
t: 0 0 0 0 0.9030899869919435 0 0 0
actuelle: 0 0.9030899869919435 0 0 0 0 0 0
situation: 0 0.6020599913279624 0 0 0.6020599913279624 0 0 0
jeunesse: 0 0 0.3010299956639812 0.3010299956639812 0.3010299956639812 0 0.3010299956639812 0
combat: 0 0.6020599913279624 0 0 0.6020599913279624 0 0 0
conduirons: 0 0 0.9030899869919435 0 0 0 0 0
exorbitantes: 0 0 0 0.9030899869919435 0 0 0 0
entreprises: 0 0 0 0 0.6020599913279624 0 0.6020599913279624 0
production: 0 0 0 0.9030899869919435 0 0 0 0
redonne: 0 0.9030899869919435 0 0 0 0 0 0
mettent: 0 0 0 0 0 0 0 0.9030899869919435
puissances: 0 0 0 0 0.9030899869919435 0 0 0
constitutionnel: 0 0.6020599913279624 0 0 0 0 0.6020599913279624 0
montre: 0.9030899869919435 0 0 0 0 0 0 0
affaibli: 0 0 0 0 0.9030899869919435 0 0 0
intangibles: 0 0 0 0.9030899869919435 0 0 0 0
lesquels: 0 0.9030899869919435 0 0 0 0 0 0
justesse: 0 0 0 0 0 0 0.9030899869919435 0
territoire: 0 0.9030899869919435 0 0 0 0 0 0
exclus: 0.9030899869919435 0 0 0 0 0 0 0
vient: 0 0 0 0 0 0.6020599913279624 0 0.6020599913279624
mal: 0 0 0 0 0.9030899869919435 0 0 0
lourdes: 0.9030899869919435 0 0 0 0 0 0 0
mai: 0.12493873660829993 0 0.12493873660829993 0.12493873660829993 0.12493873660829993 0 0.12493873660829993 0.12493873660829993
rappeler: 0 0 0.9030899869919435 0 0 0 0 0
veillerai: 0.3010299956639812 0.3010299956639812 0 0 0.3010299956639812 0 0 0.3010299956639812
soir: 0 0 0 0 0.9030899869919435 0 0 0
19: 0 0 0.9030899869919435 0 0 0 0 0
abattue: 0 0 0 0 0 0.9030899869919435 0 0
devaient: 0 0 0 0 0 0.9030899869919435 0 0
agents: 0 0 0 0.9030899869919435 0 0 0 0
espaces: 0 0 0 0.9030899869919435 0 0 0 0
rumeur: 0 0 0.6020599913279624 0 0 0.6020599913279624 0 0
abord: 0 0 0 0.4259687322722811 0 0.4259687322722811 0 0.4259687322722811
abandonner: 0 0 0 0 0 0.9030899869919435 0 0
triomphe: 0 0 0 0 0 0 0.9030899869919435 0
ont: 0 0.05799194697768673 0.05799194697768673 0.05799194697768673 0.05799194697768673 0.05799194697768673 0.05799194697768673 0.05799194697768673
1944: 0 0 0 0 0 0.9030899869919435 0 0
hexagone: 0 0 0 0.9030899869919435 0 0 0 0
attentive: 0 0.9030899869919435 0 0 0 0 0 0
oublier: 0 0 0 0.6020599913279624 0 0 0 0.6020599913279624
7: 0.6020599913279624 0 0 0 0.6020599913279624 0 0 0
hollande: 0 0 0 0 0.9030899869919435 0 0 0
voisins: 0 0 0 0 0.9030899869919435 0 0 0
enrichit: 0 0.9030899869919435 0 0 0 0 0 0
8: 0 0 0 0 0 0 0.9030899869919435 0
volontaire: 0 0 0 0 0 0 0.9030899869919435 0
humaniste: 0 0.9030899869919435 0 0 0 0 0 0
prendre: 0 0 0 0 0 0 0.6020599913279624 0.6020599913279624
place: 0 0.4259687322722811 0 0.4259687322722811 0 0 0 0.4259687322722811
apporter: 0 0 0 0 0.9030899869919435 0 0 0
rayonnement: 0 0 0 0.6020599913279624 0 0 0.6020599913279624 0
1870: 0 0 0 0 0 0.9030899869919435 0 0
avons: 0 0 0 0 0.4259687322722811 0 0.4259687322722811 0.4259687322722811
prenante: 0.9030899869919435 0 0 0 0 0 0 0
hauteur: 0 0.6020599913279624 0 0 0.6020599913279624 0 0 0
quand: 0 0 0 0 0 0 0.9030899869919435 0
chacun: 0 0.12493873660829993 0.12493873660829993 0.12493873660829993 0.12493873660829993 0.12493873660829993 0 0.12493873660829993
fais: 0.9030899869919435 0 0 0 0 0 0 0
vies: 0 0 0 0 0 0.9030899869919435 0 0
immense: 0 0 0.4259687322722811 0 0.4259687322722811 0 0.4259687322722811 0
dire: 0 0.3010299956639812 0 0.3010299956639812 0.3010299956639812 0 0 0.3010299956639812
violation: 0 0.9030899869919435 0 0 0 0 0 0
avait: 0.4259687322722811 0 0 0 0.4259687322722811 0.4259687322722811 0 0
oeuvrerai: 0 0 0 0 0.9030899869919435 0 0 0
sent: 0 0 0 0 0.9030899869919435 0 0 0
an: 0 0 0 0 0 0 0.9030899869919435 0
action: 0.12493873660829993 0.12493873660829993 0.12493873660829993 0 0.12493873660829993 0 0.12493873660829993 0.12493873660829993
autre: 0.2041199826559248 0.2041199826559248 0 0.2041199826559248 0 0.2041199826559248 0.2041199826559248 0
poserai: 0 0 0 0 0 0 0.9030899869919435 0
meilleur: 0.6020599913279624 0 0 0 0 0 0 0.6020599913279624
retards: 0 0 0 0 0 0 0.9030899869919435 0
aide: 0.9030899869919435 0 0 0 0 0 0 0
telle: 0 0 0.6020599913279624 0 0.6020599913279624 0 0 0
vainqueur: 0 0 0 0 0 0 0 0.9030899869919435
protection: 0 0.6020599913279624 0 0 0 0 0 0.6020599913279624
remarquables: 0 0 0 0 0.9030899869919435 0 0 0
mouvements: 0 0.9030899869919435 0 0 0 0 0 0
accepte: 0 0 0.9030899869919435 0 0 0 0 0
affirme: 0 0 0 0.6020599913279624 0 0.6020599913279624 0 0
allie: 0 0 0 0.9030899869919435 0 0 0 0
figurer: 0 0 0 0 0.9030899869919435 0 0 0
sommaire: 0 0 0 0 0 0 0.9030899869919435 0
mis: 0 0 0 0 0.9030899869919435 0 0 0
respecterai: 0 0 0 0.9030899869919435 0 0 0 0
bons: 0 0 0 0 0 0 0.9030899869919435 0
telles: 0.9030899869919435 0 0 0 0 0 0 0
confiance: 0 0.05799194697768673 0.05799194697768673 0.05799194697768673 0.05799194697768673 0.05799194697768673 0.05799194697768673 0.05799194697768673
populaire: 0 0 0 0 0 0.6020599913279624 0.6020599913279624 0
exigences: 0 0.6020599913279624 0 0 0.6020599913279624 0 0 0
capacite: 0 0 0.9030899869919435 0 0 0 0 0
impartial: 0.6020599913279624 0 0 0.6020599913279624 0 0 0 0
convie: 0 0 0 0 0 0 0.9030899869919435 0
solides: 0 0 0 0 0.9030899869919435 0 0 0
sentiment: 0 0 0 0 0 0 0 0.9030899869919435
pouvons: 0 0 0 0 0.9030899869919435 0 0 0
entrepreneurs: 0 0 0 0.9030899869919435 0 0 0 0
nombre: 0 0 0.6020599913279624 0 0 0 0.6020599913279624 0
saura: 0 0.9030899869919435 0 0 0 0 0 0
innovation: 0 0 0 0.6020599913279624 0.6020599913279624 0 0 0
chances: 0 0.6020599913279624 0 0 0 0 0.6020599913279624 0
homme: 0 0.2041199826559248 0 0.2041199826559248 0.2041199826559248 0.2041199826559248 0 0.2041199826559248
bon: 0 0 0 0 0 0.9030899869919435 0 0
repli: 0 0 0 0.9030899869919435 0 0 0 0
devoirs: 0 0.9030899869919435 0 0 0 0 0 0
respect: 0 0.3010299956639812 0.3010299956639812 0 0 0 0.3010299956639812 0.3010299956639812
belles: 0 0 0 0 0.9030899869919435 0 0 0
pays: 0.05799194697768673 0.05799194697768673 0 0.05799194697768673 0.05799194697768673 0.05799194697768673 0.05799194697768673 0.05799194697768673
atouts: 0.3010299956639812 0.3010299956639812 0 0.3010299956639812 0.3010299956639812 0 0 0
irruption: 0 0.9030899869919435 0 0 0 0 0 0
pages: 0 0 0.6020599913279624 0 0.6020599913279624 0 0 0
confrontations: 0 0 0 0 0 0.9030899869919435 0 0
accomplissement: 0.9030899869919435 0 0 0 0 0 0 0
heure: 0 0 0 0 0.9030899869919435 0 0 0
viens: 0 0 0 0 0 0.9030899869919435 0 0
parisien: 0 0 0 0 0 0.9030899869919435 0 0
quel: 0 0 0 0.9030899869919435 0 0 0 0
hisser: 0 0 0 0 0.9030899869919435 0 0 0
socialistes: 0 0 0 0 0 0 0.9030899869919435 0
unie: 0.6020599913279624 0 0 0 0 0 0 0.6020599913279624
sentent: 0.6020599913279624 0 0 0 0.6020599913279624 0 0 0
emploi: 0.3010299956639812 0.3010299956639812 0 0.3010299956639812 0 0 0.3010299956639812 0
car: 0.4259687322722811 0 0 0.4259687322722811 0.4259687322722811 0 0 0
democratique: 0 0 0.9030899869919435 0 0 0 0 0
fatal: 0 0 0 0 0 0 0 0.9030899869919435
publique: 0 0 0 0.9030899869919435 0 0 0 0
conduire: 0 0 0 0.9030899869919435 0 0 0 0
seulement: 0 0 0.4259687322722811 0.4259687322722811 0.4259687322722811 0 0 0
auquel: 0 0 0 0 0 0 0.9030899869919435 0
torches: 0 0 0.9030899869919435 0 0 0 0 0
soucieuse: 0 0.9030899869919435 0 0 0 0 0 0
poids: 0 0 0 0.9030899869919435 0 0 0 0
apporteront: 0 0 0 0 0 0 0.9030899869919435 0
parfois: 0 0.3010299956639812 0 0 0.3010299956639812 0.3010299956639812 0.3010299956639812 0
conscient: 0 0 0 0 0.9030899869919435 0 0 0
devenir: 0.4259687322722811 0 0.4259687322722811 0.4259687322722811 0 0 0 0
permet: 0 0 0 0 0.9030899869919435 0 0 0
sectarisme: 0 0 0 0 0 0 0 0.9030899869919435
roi: 0 0 0 0 0 0.9030899869919435 0 0
sacrifices: 0 0 0 0.6020599913279624 0 0 0 0.6020599913279624
affirmer: 0 0.4259687322722811 0 0 0.4259687322722811 0.4259687322722811 0 0
leurs: 0.4259687322722811 0.4259687322722811 0 0 0 0 0 0.4259687322722811
doit: 0 0.6020599913279624 0 0.6020599913279624 0 0 0 0
pertinente: 0 0 0 0 0.9030899869919435 0 0 0
auxquels: 0 0 0 0 0 0 0 0.9030899869919435
inscrire: 0 0 0 0 0 0 0 0.9030899869919435
voire: 0 0 0 0 0.9030899869919435 0 0 0
ans: 0.4259687322722811 0 0 0 0 0.4259687322722811 0 0.4259687322722811
principe: 0 0 0 0.6020599913279624 0 0 0.6020599913279624 0
vers: 0.3010299956639812 0 0 0.3010299956639812 0 0.3010299956639812 0.3010299956639812 0
construit: 0 0 0 0 0.9030899869919435 0 0 0
jeune: 0.9030899869919435 0 0 0 0 0 0 0
quotidienne: 0 0 0 0 0 0 0.6020599913279624 0.6020599913279624
jamais: 0 0 0 0.3010299956639812 0.3010299956639812 0 0.3010299956639812 0.3010299956639812
s: 0.05799194697768673 0.05799194697768673 0.05799194697768673 0.05799194697768673 0.05799194697768673 0.05799194697768673 0 0.05799194697768673
injustice: 0 0 0 0 0 0 0 0.9030899869919435
yeux: 0 0 0 0 0.6020599913279624 0 0 0.6020599913279624
changer: 0 0 0 0 0 0 0 0.9030899869919435
sociaux: 0 0 0 0.9030899869919435 0 0 0 0
base: 0 0 0 0 0 0 0.9030899869919435 0
dirai: 0 0 0 0.9030899869919435 0 0 0 0
fraternelle: 0 0 0 0 0 0.9030899869919435 0 0
hui: 0 0.2041199826559248 0 0 0.2041199826559248 0.2041199826559248 0.2041199826559248 0.2041199826559248
mes: 0.2041199826559248 0 0 0.2041199826559248 0.2041199826559248 0 0.2041199826559248 0.2041199826559248
jacques: 0 0 0.2041199826559248 0.2041199826559248 0.2041199826559248 0.2041199826559248 0 0.2041199826559248
repose: 0 0 0 0.9030899869919435 0 0 0 0
coeurs: 0 0.9030899869919435 0 0 0 0 0 0
partenaires: 0 0 0 0.9030899869919435 0 0 0 0
synonyme: 0 0.9030899869919435 0 0 0 0 0 0
appliquerai: 0 0 0 0 0 0 0.9030899869919435 0
totalite: 0 0 0.9030899869919435 0 0 0 0 0
fasse: 0 0.9030899869919435 0 0 0 0 0 0
civiques: 0 0.6020599913279624 0 0.6020599913279624 0 0 0 0
xxi: 0 0 0 0 0.9030899869919435 0 0 0
notre: 0.05799194697768673 0.05799194697768673 0 0.05799194697768673 0.05799194697768673 0.05799194697768673 0.05799194697768673 0.05799194697768673
instrument: 0 0 0 0 0.9030899869919435 0 0 0
afrique: 0 0 0 0 0 0 0 0.9030899869919435
humbles: 0 0 0 0 0 0 0 0.9030899869919435
uni: 0 0 0.9030899869919435 0 0 0 0 0
chaque: 0 0.12493873660829993 0 0.12493873660829993 0.12493873660829993 0.12493873660829993 0.12493873660829993 0.12493873660829993
investissement: 0 0 0 0.9030899869919435 0 0 0 0
me: 0.12493873660829993 0.12493873660829993 0.12493873660829993 0 0.12493873660829993 0 0.12493873660829993 0.12493873660829993
dit: 0 0 0 0 0 0.9030899869919435 0 0
estimant: 0 0 0 0 0.9030899869919435 0 0 0
sein: 0 0 0 0 0.9030899869919435 0 0 0
assez: 0 0 0 0 0 0 0 0.9030899869919435
aspiration: 0 0 0 0 0 0.9030899869919435 0 0
pied: 0 0 0 0 0 0 0 0.9030899869919435
tourner: 0 0 0 0 0.9030899869919435 0 0 0
bat: 0 0 0 0 0 0.9030899869919435 0 0
mourir: 0 0 0 0 0 0 0 0.9030899869919435
fera: 0.4259687322722811 0 0 0 0.4259687322722811 0.4259687322722811 0 0
1871: 0 0 0 0 0 0.9030899869919435 0 0
indispensable: 0 0 0 0.6020599913279624 0.6020599913279624 0 0 0
fondement: 0 0 0 0.6020599913279624 0 0 0 0.6020599913279624
unies: 0 0.9030899869919435 0 0 0 0 0 0
entrer: 0.6020599913279624 0 0 0 0.6020599913279624 0 0 0
efforcerai: 0 0 0 0 0 0 0 0.9030899869919435
georges: 0 0 0 0.4259687322722811 0.4259687322722811 0 0 0.4259687322722811
rendu: 0 0 0 0 0.9030899869919435 0 0 0
renaissance: 0 0 0 0 0.9030899869919435 0 0 0
constante: 0 0 0 0 0.9030899869919435 0 0 0
percluse: 0 0 0 0 0.9030899869919435 0 0 0
forte: 0.3010299956639812 0.3010299956639812 0 0 0.3010299956639812 0 0 0.3010299956639812
passion: 0 0 0 0 0 0 0 0.9030899869919435
restaurerait: 0 0 0 0 0.9030899869919435 0 0 0
avez: 0 0 0 0 0.6020599913279624 0.6020599913279624 0 0
mon: 0.2041199826559248 0.2041199826559248 0 0.2041199826559248 0.2041199826559248 0 0.2041199826559248 0
comment: 0 0 0 0 0 0 0 0.9030899869919435
mois: 0 0 0 0 0 0 0.9030899869919435 0
celle: 0 0.3010299956639812 0 0.3010299956639812 0 0.3010299956639812 0 0.3010299956639812
peuples: 0 0.4259687322722811 0 0.4259687322722811 0 0 0.4259687322722811 0
uns: 0 0 0 0.4259687322722811 0.4259687322722811 0 0.4259687322722811 0
majeure: 0 0.6020599913279624 0 0 0.6020599913279624 0 0 0
serai: 0.6020599913279624 0 0 0 0.6020599913279624 0 0 0
veux: 0 0.3010299956639812 0 0.3010299956639812 0.3010299956639812 0 0 0.3010299956639812
exclusion: 0 0 0 0 0 0 0.9030899869919435 0
devront: 0 0 0 0 0.9030899869919435 0 0 0
morales: 0 0 0 0 0.9030899869919435 0 0 0
fondamentaux: 0 0.9030899869919435 0 0 0 0 0 0
fortement: 0 0 0 0 0 0 0 0.9030899869919435
parler: 0 0 0 0 0 0.9030899869919435 0 0
tirer: 0 0 0 0 0 0 0.9030899869919435 0
attitude: 0 0 0.9030899869919435 0 0 0 0 0
chapitre: 0 0 0 0 0.9030899869919435 0 0 0
parcourent: 0 0 0 0 0.9030899869919435 0 0 0
francophonie: 0 0.9030899869919435 0 0 0 0 0 0
influence: 0 0.9030899869919435 0 0 0 0 0 0
ils: 0 0.3010299956639812 0 0.3010299956639812 0.3010299956639812 0 0 0.3010299956639812
plain: 0 0 0 0 0 0 0 0.9030899869919435
auxquelles: 0 0 0 0.9030899869919435 0 0 0 0
ferons: 0 0 0.9030899869919435 0 0 0 0 0
abordons: 0 0 0.9030899869919435 0 0 0 0 0
affermie: 0.9030899869919435 0 0 0 0 0 0 0
guerre: 0 0 0 0 0.6020599913279624 0.6020599913279624 0 0
sais: 0 0 0 0 0.6020599913279624 0.6020599913279624 0 0
esprit: 0.3010299956639812 0.3010299956639812 0 0 0.3010299956639812 0 0.3010299956639812 0
attend: 0 0 0 0 0.9030899869919435 0 0 0
religieuses: 0 0 0 0 0.9030899869919435 0 0 0
portent: 0 0.9030899869919435 0 0 0 0 0 0
travail: 0 0 0 0.4259687322722811 0.4259687322722811 0 0 0.4259687322722811
prononces: 0 0 0.9030899869919435 0 0 0 0 0
venir: 0 0 0 0 0.6020599913279624 0 0 0.6020599913279624
transformer: 0 0 0 0 0 0 0 0.9030899869919435
aller: 0 0 0 0 0 0 0.9030899869919435 0
prendrons: 0 0 0 0 0.9030899869919435 0 0 0
collectivement: 0 0 0 0 0.9030899869919435 0 0 0
droits: 0.05799194697768673 0.05799194697768673 0.05799194697768673 0.05799194697768673 0.05799194697768673 0.05799194697768673 0 0.05799194697768673
inspirent: 0 0.9030899869919435 0 0 0 0 0 0
reconnaissance: 0 0 0 0.9030899869919435 0 0 0 0
sachons: 0 0 0 0 0 0.9030899869919435 0 0
impatience: 0 0 0 0.9030899869919435 0 0 0 0
retrouver: 0 0 0 0 0.6020599913279624 0 0 0.6020599913279624
formes: 0 0.9030899869919435 0 0 0 0 0 0
richesse: 0 0 0 0.9030899869919435 0 0 0 0
terrorisme: 0 0.6020599913279624 0 0 0.6020599913279624 0 0 0
attente: 0 0 0 0.6020599913279624 0 0 0 0.6020599913279624
exploitation: 0 0.9030899869919435 0 0 0 0 0 0
citoyenne: 0 0 0 0.9030899869919435 0 0 0 0
donc: 0 0 0 0.9030899869919435 0 0 0 0
tutelle: 0 0 0 0 0 0.9030899869919435 0 0
elle: 0.05799194697768673 0.05799194697768673 0 0.05799194697768673 0.05799194697768673 0.05799194697768673 0.05799194697768673 0.05799194697768673
efforce: 0 0 0 0 0 0 0 0.9030899869919435
justice: 0.12493873660829993 0.12493873660829993 0 0.12493873660829993 0 0.12493873660829993 0.12493873660829993 0.12493873660829993
1792: 0 0 0 0 0 0.9030899869919435 0 0
charles: 0 0 0 0.9030899869919435 0 0 0 0
civique: 0 0 0 0.9030899869919435 0 0 0 0
assurera: 0.9030899869919435 0 0 0 0 0 0 0
vingtieme: 0 0 0.9030899869919435 0 0 0 0 0
conformisme: 0 0 0 0 0 0 0 0.9030899869919435
gardien: 0 0.9030899869919435 0 0 0 0 0 0
nicolas: 0 0 0 0.6020599913279624 0.6020599913279624 0 0 0
pacte: 0.4259687322722811 0 0 0.4259687322722811 0 0 0.4259687322722811 0
proposerai: 0 0 0 0.9030899869919435 0 0 0 0
rassure: 0 0 0 0 0.9030899869919435 0 0 0
attentif: 0 0 0 0 0.9030899869919435 0 0 0
contraire: 0 0 0 0 0.6020599913279624 0 0.6020599913279624 0
collectif: 0.9030899869919435 0 0 0 0 0 0 0
gagner: 0 0 0 0 0 0 0.9030899869919435 0
autant: 0 0 0 0 0 0 0 0.9030899869919435
plus: 0.05799194697768673 0.05799194697768673 0 0.05799194697768673 0.05799194697768673 0.05799194697768673 0.05799194697768673 0.05799194697768673
personnel: 0.9030899869919435 0 0 0 0 0 0 0
cet: 0 0 0.3010299956639812 0.3010299956639812 0 0.3010299956639812 0 0.3010299956639812
sauva: 0 0 0 0 0 0 0 0.9030899869919435
internationale: 0 0.9030899869919435 0 0 0 0 0 0
1830: 0 0 0 0 0 0.9030899869919435 0 0
rechercher: 0 0 0 0 0 0 0.9030899869919435 0
toujours: 0.12493873660829993 0.12493873660829993 0 0.12493873660829993 0.12493873660829993 0 0.12493873660829993 0.12493873660829993
marqua: 0 0 0 0.9030899869919435 0 0 0 0
renforcement: 0 0.9030899869919435 0 0 0 0 0 0
encore: 0 0.3010299956639812 0.3010299956639812 0 0 0.3010299956639812 0.3010299956639812 0
preference: 0 0 0.9030899869919435 0 0 0 0 0
cour: 0 0 0 0 0 0.9030899869919435 0 0
nation: 0.2041199826559248 0.2041199826559248 0 0.2041199826559248 0.2041199826559248 0 0.2041199826559248 0
pas: 0.05799194697768673 0 0.05799194697768673 0.05799194697768673 0.05799194697768673 0.05799194697768673 0.05799194697768673 0.05799194697768673
comme: 0.12493873660829993 0.12493873660829993 0.12493873660829993 0.12493873660829993 0.12493873660829993 0.12493873660829993 0 0
haute: 0.6020599913279624 0 0 0.6020599913279624 0 0 0 0
europe: 0 0.2041199826559248 0 0.2041199826559248 0.2041199826559248 0 0.2041199826559248 0.2041199826559248
parvenu: 0 0 0 0.9030899869919435 0 0 0 0
sept: 0 0 0 0 0 0 0.9030899869919435 0
formation: 0 0 0 0.9030899869919435 0 0 0 0
querelle: 0 0 0 0 0 0 0.9030899869919435 0
corriger: 0 0 0 0 0.9030899869919435 0 0 0
eh: 0 0 0 0 0 0 0 0.9030899869919435
valeurs: 0.12493873660829993 0.12493873660829993 0 0.12493873660829993 0.12493873660829993 0 0.12493873660829993 0.12493873660829993
nous: 0 0 0.12493873660829993 0.12493873660829993 0.12493873660829993 0.12493873660829993 0.12493873660829993 0.12493873660829993
affaiblira: 0 0 0 0 0.9030899869919435 0 0 0
allante: 0.9030899869919435 0 0 0 0 0 0 0
mer: 0 0.9030899869919435 0 0 0 0 0 0
rendez: 0 0 0 0 0 0 0.9030899869919435 0
efficace: 0 0 0 0 0.9030899869919435 0 0 0
regain: 0 0 0 0 0.9030899869919435 0 0 0
voulu: 0.9030899869919435 0 0 0 0 0 0 0
stimulation: 0 0 0 0.9030899869919435 0 0 0 0
souvent: 0 0 0 0 0.6020599913279624 0.6020599913279624 0 0
rompre: 0 0 0 0 0.6020599913279624 0 0 0.6020599913279624
aborder: 0 0.9030899869919435 0 0 0 0 0 0
prendront: 0 0 0 0 0 0 0.9030899869919435 0
selon: 0 0 0.6020599913279624 0 0.6020599913279624 0 0 0
si: 0 0 0.12493873660829993 0.12493873660829993 0.12493873660829993 0.12493873660829993 0.12493873660829993 0.12493873660829993
susceptible: 0 0 0 0.9030899869919435 0 0 0 0
ici: 0 0 0 0.3010299956639812 0.3010299956639812 0.3010299956639812 0.3010299956639812 0
climatique: 0 0 0 0 0.6020599913279624 0 0 0.6020599913279624
porte: 0 0 0.4259687322722811 0 0.4259687322722811 0 0 0.4259687322722811
vieux: 0.4259687322722811 0 0 0 0 0.4259687322722811 0 0.4259687322722811
agir: 0 0.6020599913279624 0 0 0.6020599913279624 0 0 0
essentielle: 0 0 0 0 0 0 0.9030899869919435 0
va: 0 0.4259687322722811 0 0 0.4259687322722811 0 0 0.4259687322722811
avancer: 0 0 0 0.9030899869919435 0 0 0 0
mouvement: 0 0 0 0 0.6020599913279624 0 0 0.6020599913279624
voulait: 0 0 0 0 0 0 0 0.9030899869919435
politiques: 0 0 0 0 0.6020599913279624 0.6020599913279624 0 0
celles: 0 0 0 0.9030899869919435 0 0 0 0
crises: 0 0 0 0 0.9030899869919435 0 0 0
soit: 0.4259687322722811 0 0 0.4259687322722811 0 0 0 0.4259687322722811
abaissement: 0 0 0 0.9030899869919435 0 0 0 0
industrielles: 0 0 0 0 0 0 0.9030899869919435 0
permis: 0.9030899869919435 0 0 0 0 0 0 0
besoins: 0 0.9030899869919435 0 0 0 0 0 0
raison: 0 0 0 0 0.6020599913279624 0 0.6020599913279624 0
engagerai: 0.9030899869919435 0 0 0 0 0 0 0
tares: 0 0 0 0 0 0 0.9030899869919435 0
restaurer: 0.9030899869919435 0 0 0 0 0 0 0
force: 0.4259687322722811 0.4259687322722811 0 0 0 0 0 0.4259687322722811
devant: 0 0 0 0.4259687322722811 0 0.4259687322722811 0.4259687322722811 0
combattue: 0 0 0 0 0 0.9030899869919435 0 0
ville: 0 0 0 0 0 0.9030899869919435 0 0
confient: 0 0 0 0 0.9030899869919435 0 0 0
president: 0 0 0.9030899869919435 0 0 0 0 0
dates: 0 0 0 0 0 0.9030899869919435 0 0
changement: 0.2041199826559248 0 0.2041199826559248 0 0.2041199826559248 0.2041199826559248 0 0.2041199826559248
lutterai: 0 0 0 0.9030899869919435 0 0 0 0
montait: 0 0 0 0 0 0.9030899869919435 0 0
servitudes: 0 0 0 0 0 0 0.9030899869919435 0
maintenant: 0 0 0 0 0.9030899869919435 0 0 0
adresse: 0 0 0.3010299956639812 0.3010299956639812 0 0.3010299956639812 0.3010299956639812 0
compter: 0 0.6020599913279624 0 0 0.6020599913279624 0 0 0
apaisement: 0 0 0 0.9030899869919435 0 0 0 0
y: 0 0.2041199826559248 0 0.2041199826559248 0.2041199826559248 0.2041199826559248 0 0.2041199826559248
hors: 0 0 0 0 0.6020599913279624 0 0.6020599913279624 0
pompidou: 0 0 0 0.4259687322722811 0.4259687322722811 0 0 0.4259687322722811
revendique: 0 0.9030899869919435 0 0 0 0 0 0
agit: 0 0 0 0 0 0 0.9030899869919435 0
fixerai: 0 0 0 0.9030899869919435 0 0 0 0
voeux: 0 0 0 0 0 0.9030899869919435 0 0
angoisses: 0 0 0 0 0.9030899869919435 0 0 0
seconde: 0 0 0 0 0.9030899869919435 0 0 0
dynamisme: 0 0 0 0.9030899869919435 0 0 0 0
exprimer: 0 0 0 0 0 0.9030899869919435 0 0
pleine: 0 0 0 0 0 0 0 0.9030899869919435
grandeur: 0 0 0 0.9030899869919435 0 0 0 0
appelle: 0 0 0 0 0 0.9030899869919435 0 0
etat: 0.2041199826559248 0.2041199826559248 0 0.2041199826559248 0 0.2041199826559248 0 0.2041199826559248
audace: 0 0 0 0 0.9030899869919435 0 0 0
pourquoi: 0 0 0 0 0.6020599913279624 0 0.6020599913279624 0
centenaire: 0 0 0 0 0 0 0.9030899869919435 0
comprendre: 0 0 0 0 0 0 0.9030899869919435 0
incombe: 0 0 0 0 0 0 0.9030899869919435 0
victor: 0 0 0 0 0 0.9030899869919435 0 0
disposera: 0 0 0 0.9030899869919435 0 0 0 0
portera: 0 0 0 0 0.9030899869919435 0 0 0
parce: 0 0 0.2041199826559248 0.2041199826559248 0.2041199826559248 0.2041199826559248 0 0.2041199826559248
incertitudes: 0 0.9030899869919435 0 0 0 0 0 0
sera: 0.2041199826559248 0.2041199826559248 0 0.2041199826559248 0.2041199826559248 0 0 0.2041199826559248
anime: 0 0 0 0.9030899869919435 0 0 0 0
enfin: 0 0.4259687322722811 0 0.4259687322722811 0 0.4259687322722811 0 0
forts: 0 0 0 0 0.9030899869919435 0 0 0
renoncer: 0 0 0 0 0.6020599913279624 0 0 0.6020599913279624
accord: 0 0 0 0 0.9030899869919435 0 0 0
commun: 0 0 0 0 0 0 0 0.9030899869919435
aussi: 0.12493873660829993 0.12493873660829993 0 0.12493873660829993 0 0.12493873660829993 0.12493873660829993 0.12493873660829993
angoisse: 0 0.9030899869919435 0 0 0 0 0 0
or: 0 0 0 0 0.9030899869919435 0 0 0
exigeant: 0 0 0 0 0.9030899869919435 0 0 0
capitalisme: 0 0 0 0 0.9030899869919435 0 0 0
croissance: 0 0 0 0.9030899869919435 0 0 0 0
conseilconstitutionnel: 0 0 0.9030899869919435 0 0 0 0 0
tradition: 0 0 0 0 0 0.9030899869919435 0 0
aborde: 0 0.9030899869919435 0 0 0 0 0 0
croire: 0 0 0 0 0 0 0 0.9030899869919435
parole: 0 0 0 0 0.4259687322722811 0.4259687322722811 0 0.4259687322722811
ecoute: 0 0 0.9030899869919435 0 0 0 0 0
nombreux: 0 0.6020599913279624 0 0.6020599913279624 0 0 0 0
rassemble: 0 0 0 0 0.9030899869919435 0 0 0
impose: 0 0.6020599913279624 0 0 0 0 0 0.6020599913279624
vocation: 0 0.3010299956639812 0 0.3010299956639812 0.3010299956639812 0 0 0.3010299956639812
initiatives: 0 0 0.9030899869919435 0 0 0 0 0
lent: 0 0 0 0 0.9030899869919435 0 0 0
militaire: 0 0.9030899869919435 0 0 0 0 0 0
ceci: 0 0 0.9030899869919435 0 0 0 0 0
entreprise: 0 0 0 0 0 0 0.9030899869919435 0
mandat: 0.12493873660829993 0.12493873660829993 0 0.12493873660829993 0.12493873660829993 0 0.12493873660829993 0.12493873660829993
pluralisme: 0 0.9030899869919435 0 0 0 0 0 0
professionnelle: 0 0 0 0.9030899869919435 0 0 0 0
service: 0 0.4259687322722811 0 0.4259687322722811 0 0 0 0.4259687322722811
chantier: 0 0 0 0 0 0 0.9030899869919435 0
envers: 0 0.6020599913279624 0 0 0 0 0 0.6020599913279624
possible: 0 0 0 0 0 0.6020599913279624 0.6020599913279624 0
achever: 0 0 0 0 0 0 0 0.9030899869919435
demande: 0 0 0.9030899869919435 0 0 0 0 0
maison: 0 0 0 0 0 0.9030899869919435 0 0
semble: 0 0 0 0 0.9030899869919435 0 0 0
expression: 0 0 0 0 0 0.6020599913279624 0.6020599913279624 0
embrasser: 0 0 0 0 0.9030899869919435 0 0 0
nouvel: 0 0 0 0.6020599913279624 0.6020599913279624 0 0 0
servent: 0 0 0 0 0 0 0.9030899869919435 0
tache: 0 0 0.9030899869919435 0 0 0 0 0
fort: 0 0 0 0 0 0 0 0.9030899869919435
regardent: 0 0 0 0.9030899869919435 0 0 0 0
devoir: 0 0 0 0.4259687322722811 0 0.4259687322722811 0.4259687322722811 0
perdrait: 0 0 0 0 0 0 0.9030899869919435 0
services: 0 0 0 0.9030899869919435 0 0 0 0
territoires: 0 0 0 0.9030899869919435 0 0 0 0
parlement: 0.4259687322722811 0 0.4259687322722811 0.4259687322722811 0 0 0 0
cours: 0 0 0 0 0.9030899869919435 0 0 0
vivront: 0 0 0 0 0.9030899869919435 0 0 0
personne: 0 0 0 0 0 0 0.6020599913279624 0.6020599913279624
peut: 0 0.2041199826559248 0 0.2041199826559248 0.2041199826559248 0.2041199826559248 0 0.2041199826559248
permettant: 0 0.9030899869919435 0 0 0 0 0 0
discordes: 0 0 0 0.9030899869919435 0 0 0 0
concert: 0 0 0 0 0.9030899869919435 0 0 0
violemment: 0 0 0 0 0.9030899869919435 0 0 0
sociale: 0 0.4259687322722811 0 0.4259687322722811 0 0 0.4259687322722811 0
durant: 0 0 0 0 0 0 0 0.9030899869919435
contemporaines: 0 0 0 0 0.9030899869919435 0 0 0
vivions: 0 0 0 0.9030899869919435 0 0 0 0
voies: 0.9030899869919435 0 0 0 0 0 0 0
missions: 0.9030899869919435 0 0 0 0 0 0 0
temps: 0.12493873660829993 0.12493873660829993 0.12493873660829993 0.12493873660829993 0.12493873660829993 0.12493873660829993 0 0
croyances: 0 0 0 0 0.9030899869919435 0 0 0
conduirai: 0 0 0.9030899869919435 0 0 0 0 0
ouverture: 0 0 0 0.4259687322722811 0 0 0.4259687322722811 0.4259687322722811
situer: 0 0 0 0.9030899869919435 0 0 0 0
modernisation: 0 0 0 0.9030899869919435 0 0 0 0
mener: 0 0 0 0 0.9030899869919435 0 0 0
on: 0.2041199826559248 0 0 0 0.2041199826559248 0.2041199826559248 0.2041199826559248 0.2041199826559248
ferai: 0.3010299956639812 0 0 0 0.3010299956639812 0 0.3010299956639812 0.3010299956639812
immenses: 0 0.9030899869919435 0 0 0 0 0 0
seigneur: 0 0 0 0 0 0.9030899869919435 0 0
intelligences: 0 0 0 0 0 0 0 0.9030899869919435
scrupuleusement: 0 0 0 0 0 0 0 0.9030899869919435
quatorze: 0.9030899869919435 0 0 0 0 0 0 0
immobilisme: 0 0 0 0 0 0 0 0.9030899869919435
signe: 0.9030899869919435 0 0 0 0 0 0 0
crise: 0 0 0 0.4259687322722811 0.4259687322722811 0 0 0.4259687322722811
institutions: 0.2041199826559248 0.2041199826559248 0 0 0.2041199826559248 0 0.2041199826559248 0.2041199826559248
revivifier: 0 0 0 0.9030899869919435 0 0 0 0
convaincrai: 0 0 0 0 0.9030899869919435 0 0 0
injuste: 0 0 0 0 0 0 0.9030899869919435 0
conviction: 0 0 0 0 0 0 0 0.9030899869919435
viennent: 0.4259687322722811 0.4259687322722811 0 0 0.4259687322722811 0 0 0
affrontement: 0 0 0 0 0 0 0.9030899869919435 0
plan: 0 0.9030899869919435 0 0 0 0 0 0
saluer: 0 0 0 0 0.9030899869919435 0 0 0
droit: 0 0 0 0 0.6020599913279624 0 0 0.6020599913279624
jour: 0.12493873660829993 0 0.12493873660829993 0.12493873660829993 0 0.12493873660829993 0.12493873660829993 0.12493873660829993
aspiraient: 0 0 0.9030899869919435 0 0 0 0 0
garanti: 0 0 0 0 0.9030899869919435 0 0 0
habite: 0 0 0 0 0 0.9030899869919435 0 0
affronter: 0 0 0 0.6020599913279624 0 0.6020599913279624 0 0
juste: 0.6020599913279624 0 0 0 0.6020599913279624 0 0 0
chaban: 0 0 0.9030899869919435 0 0 0 0 0
rendrai: 0 0 0 0.9030899869919435 0 0 0 0
voient: 0.6020599913279624 0.6020599913279624 0 0 0 0 0 0
ces: 0.05799194697768673 0.05799194697768673 0.05799194697768673 0 0.05799194697768673 0.05799194697768673 0.05799194697768673 0.05799194697768673
trahir: 0 0 0 0 0 0 0 0.9030899869919435
oui: 0 0 0 0 0 0.9030899869919435 0 0
oeuvra: 0 0 0 0 0.9030899869919435 0 0 0
nouveau: 0.2041199826559248 0.2041199826559248 0.2041199826559248 0.2041199826559248 0 0 0.2041199826559248 0
nouveaux: 0 0.4259687322722811 0 0.4259687322722811 0 0.4259687322722811 0 0
quelles: 0 0 0 0.9030899869919435 0 0 0 0
ni: 0 0 0 0.3010299956639812 0.3010299956639812 0 0.3010299956639812 0.3010299956639812
francaise: 0 0 0.9030899869919435 0 0 0 0 0
former: 0 0 0 0 0 0 0.9030899869919435 0
engager: 0 0.6020599913279624 0 0.6020599913279624 0 0 0 0
destin: 0.3010299956639812 0.3010299956639812 0 0.3010299956639812 0.3010299956639812 0 0 0
tard: 0 0 0 0 0 0.9030899869919435 0 0
campagne: 0.6020599913279624 0 0 0 0 0 0 0.6020599913279624
constamment: 0 0.9030899869919435 0 0 0 0 0 0
craintes: 0 0 0 0 0.9030899869919435 0 0 0
gaulle: 0.2041199826559248 0 0 0.2041199826559248 0.2041199826559248 0.2041199826559248 0 0.2041199826559248
25: 0 0 0 0 0 0.9030899869919435 0 0
toutes: 0.2041199826559248 0 0 0.2041199826559248 0.2041199826559248 0.2041199826559248 0 0.2041199826559248
hauts: 0 0 0 0.9030899869919435 0 0 0 0
furent: 0 0 0 0 0 0.9030899869919435 0 0
savoir: 0 0 0 0 0 0 0.9030899869919435 0
monsieur: 0 0.2041199826559248 0.2041199826559248 0.2041199826559248 0 0.2041199826559248 0.2041199826559248 0
conforter: 0 0.9030899869919435 0 0 0 0 0 0
entre: 0.3010299956639812 0.3010299956639812 0 0 0.3010299956639812 0 0 0.3010299956639812
leur: 0.05799194697768673 0.05799194697768673 0.05799194697768673 0.05799194697768673 0.05799194697768673 0 0.05799194697768673 0.05799194697768673
prends: 0.6020599913279624 0 0 0 0 0 0 0.6020599913279624
venez: 0 0 0.6020599913279624 0 0 0.6020599913279624 0 0
battrons: 0 0 0 0 0.9030899869919435 0 0 0
police: 0 0 0 0 0 0.9030899869919435 0 0
mots: 0 0 0 0 0 0.6020599913279624 0.6020599913279624 0
respecter: 0 0 0 0 0 0 0 0.9030899869919435
notamment: 0 0 0.9030899869919435 0 0 0 0 0
dernier: 0 0 0 0 0.9030899869919435 0 0 0
veut: 0.4259687322722811 0 0 0 0 0 0.4259687322722811 0.4259687322722811
transition: 0 0 0 0.9030899869919435 0 0 0 0
temoignant: 0 0 0.9030899869919435 0 0 0 0 0
sauvegarde: 0 0.9030899869919435 0 0 0 0 0 0
cette: 0 0.05799194697768673 0.05799194697768673 0.05799194697768673 0.05799194697768673 0.05799194697768673 0.05799194697768673 0.05799194697768673
nouvelle: 0 0 0.4259687322722811 0.4259687322722811 0 0.4259687322722811 0 0
nationale: 0 0.4259687322722811 0 0 0.4259687322722811 0 0.4259687322722811 0
diversite: 0 0 0.9030899869919435 0 0 0 0 0
accompagner: 0 0.9030899869919435 0 0 0 0 0 0
basculer: 0 0 0 0 0.9030899869919435 0 0 0
violence: 0 0 0 0 0 0 0 0.9030899869919435
hommes: 0.2041199826559248 0.2041199826559248 0.2041199826559248 0 0 0.2041199826559248 0 0.2041199826559248
national: 0 0.6020599913279624 0 0.6020599913279624 0 0 0 0
nomination: 0 0 0 0.9030899869919435 0 0 0 0
outre: 0 0.6020599913279624 0 0.6020599913279624 0 0 0 0
coeur: 0 0 0 0 0.4259687322722811 0.4259687322722811 0.4259687322722811 0
lui: 0.05799194697768673 0 0.05799194697768673 0.05799194697768673 0.05799194697768673 0.05799194697768673 0.05799194697768673 0.05799194697768673
instants: 0.6020599913279624 0 0 0 0.6020599913279624 0 0 0
suis: 0.05799194697768673 0.05799194697768673 0 0.05799194697768673 0.05799194697768673 0.05799194697768673 0.05799194697768673 0.05799194697768673
armes: 0 0 0 0 0 0.9030899869919435 0 0
meilleure: 0 0.9030899869919435 0 0 0 0 0 0
investi: 0 0 0 0.9030899869919435 0 0 0 0
emplois: 0 0.9030899869919435 0 0 0 0 0 0
elles: 0 0 0 0 0.4259687322722811 0.4259687322722811 0.4259687322722811 0
lourde: 0 0 0 0 0 0 0 0.9030899869919435
conflits: 0 0.9030899869919435 0 0 0 0 0 0
n: 0.05799194697768673 0 0.05799194697768673 0.05799194697768673 0.05799194697768673 0.05799194697768673 0.05799194697768673 0.05799194697768673
empreinte: 0.9030899869919435 0 0 0 0 0 0 0
construire: 0 0.4259687322722811 0 0 0.4259687322722811 0 0 0.4259687322722811
sens: 0.3010299956639812 0 0 0.3010299956639812 0.3010299956639812 0 0.3010299956639812 0
instruire: 0 0 0 0 0 0 0.9030899869919435 0
vitale: 0 0 0 0.9030899869919435 0 0 0 0
garantie: 0 0 0 0 0 0.9030899869919435 0 0
acte: 0 0 0 0.9030899869919435 0 0 0 0
maire: 0 0 0 0 0 0.9030899869919435 0 0
avance: 0 0 0 0 0 0.9030899869919435 0 0
horizon: 0.9030899869919435 0 0 0 0 0 0 0
personnellement: 0 0.9030899869919435 0 0 0 0 0 0
progresser: 0 0.9030899869919435 0 0 0 0 0 0
adresser: 0 0 0 0 0 0.9030899869919435 0 0
premier: 0 0.3010299956639812 0.3010299956639812 0 0.3010299956639812 0.3010299956639812 0 0
trouver: 0 0 0 0 0.6020599913279624 0 0 0.6020599913279624
scrupuleuse: 0 0 0 0.9030899869919435 0 0 0 0
racisme: 0 0 0 0.9030899869919435 0 0 0 0
firent: 0 0 0 0 0 0 0 0.9030899869919435
citoyen: 0 0.3010299956639812 0 0.3010299956639812 0 0.3010299956639812 0 0.3010299956639812
hugo: 0 0 0 0 0 0.9030899869919435 0 0
mains: 0 0 0 0 0.6020599913279624 0 0.6020599913279624 0
belle: 0 0 0 0.9030899869919435 0 0 0 0
espoir: 0 0.6020599913279624 0 0 0.6020599913279624 0 0 0
ci: 0 0 0 0 0 0.9030899869919435 0 0
comptant: 0 0 0 0 0.9030899869919435 0 0 0
murs: 0.9030899869919435 0 0 0 0 0 0 0
depuis: 0 0.2041199826559248 0 0 0.2041199826559248 0.2041199826559248 0.2041199826559248 0.2041199826559248
talents: 0 0 0 0 0 0 0 0.9030899869919435
intellectuel: 0 0 0 0 0 0 0 0.9030899869919435
comptes: 0 0 0 0 0 0 0.9030899869919435 0
profit: 0 0 0 0.9030899869919435 0 0 0 0
fait: 0 0 0.12493873660829993 0.12493873660829993 0.12493873660829993 0.12493873660829993 0.12493873660829993 0.12493873660829993
fin: 0 0.9030899869919435 0 0 0 0 0 0
direction: 0 0 0 0.9030899869919435 0 0 0 0
ou: 0 0 0 0.4259687322722811 0.4259687322722811 0 0.4259687322722811 0
commence: 0.9030899869919435 0 0 0 0 0 0 0
forces: 0.2041199826559248 0.2041199826559248 0 0.2041199826559248 0.2041199826559248 0 0.2041199826559248 0
vrai: 0 0 0 0 0 0.9030899869919435 0 0
courage: 0 0 0 0 0 0 0 0.9030899869919435
avenir: 0.05799194697768673 0 0.05799194697768673 0.05799194697768673 0.05799194697768673 0.05799194697768673 0.05799194697768673 0.05799194697768673
voici: 0 0 0.9030899869919435 0 0 0 0 0
parcelle: 0 0.9030899869919435 0 0 0 0 0 0
associations: 0 0 0 0.9030899869919435 0 0 0 0
tenir: 0 0 0 0 0 0 0 0.9030899869919435
egaux: 0 0 0.9030899869919435 0 0 0 0 0
inapte: 0 0 0 0 0 0 0.9030899869919435 0
